
# CV of DLBCL[12, 53, 38]
['X69433_at', 'M15205_at', 'Z84497_s_at']
(77, 3)
[[2 0]
 [0 6]]
[[2 0]
 [0 6]]
[[2 0]
 [0 6]]
[[2 0]
 [1 5]]
[[2 0]
 [0 6]]
[[2 0]
 [0 6]]
[[2 0]
 [0 6]]
[[2 0]
 [0 6]]
[[2 0]
 [0 5]]
[[1 0]
 [0 5]]
(77, 3)
[[2 0]
 [0 6]]
[[2 0]
 [0 6]]
[[2 0]
 [0 6]]
[[2 0]
 [1 5]]
[[2 0]
 [0 6]]
[[2 0]
 [0 6]]
[[2 0]
 [0 6]]
[[2 0]
 [0 6]]
[[2 0]
 [0 5]]
[[1 0]
 [0 5]]
(77, 3)
[[2 0]
 [0 6]]
[[2 0]
 [0 6]]
[[2 0]
 [0 6]]
[[2 0]
 [1 5]]
[[2 0]
 [0 6]]
[[2 0]
 [0 6]]
[[2 0]
 [0 6]]
[[2 0]
 [0 6]]
[[2 0]
 [0 5]]
[[1 0]
 [0 5]]
(77, 3)
[[2 0]
 [0 6]]
[[2 0]
 [0 6]]
[[2 0]
 [0 6]]
[[2 0]
 [0 6]]
[[2 0]
 [0 6]]
[[2 0]
 [1 5]]
[[2 0]
 [0 6]]
[[2 0]
 [0 6]]
[[2 0]
 [0 5]]
[[1 0]
 [0 5]]
(77, 3)
[[2 0]
 [0 6]]
[[2 0]
 [0 6]]
[[1 1]
 [0 6]]
[[2 0]
 [0 6]]
[[2 0]
 [0 6]]
[[2 0]
 [0 6]]
[[2 0]
 [0 6]]
[[2 0]
 [0 6]]
[[2 0]
 [0 5]]
[[1 0]
 [1 4]]
(77, 3)
[[2 0]
 [0 6]]
[[2 0]
 [0 6]]
[[2 0]
 [0 6]]
[[2 0]
 [1 5]]
[[2 0]
 [0 6]]
[[2 0]
 [0 6]]
[[2 0]
 [0 6]]
[[2 0]
 [0 6]]
[[2 0]
 [0 5]]
[[1 0]
 [0 5]]
(77, 3)
[[2 0]
 [0 6]]
[[2 0]
 [0 6]]
[[2 0]
 [0 6]]
[[2 0]
 [0 6]]
[[2 0]
 [0 6]]
[[2 0]
 [0 6]]
[[2 0]
 [1 5]]
[[2 0]
 [0 6]]
[[2 0]
 [0 5]]
[[1 0]
 [0 5]]
(77, 3)
[[2 0]
 [0 6]]
[[2 0]
 [0 6]]
[[2 0]
 [0 6]]
[[2 0]
 [1 5]]
[[2 0]
 [0 6]]
[[2 0]
 [0 6]]
[[2 0]
 [0 6]]
[[2 0]
 [0 6]]
[[2 0]
 [0 5]]
[[1 0]
 [0 5]]
(77, 3)
[[2 0]
 [0 6]]
[[2 0]
 [0 6]]
[[2 0]
 [0 6]]
[[2 0]
 [0 6]]
[[2 0]
 [0 6]]
[[2 0]
 [0 6]]
[[2 0]
 [0 6]]
[[2 0]
 [0 6]]
[[2 0]
 [0 5]]
[[1 0]
 [0 5]]
(77, 3)
[[2 0]
 [0 6]]
[[2 0]
 [1 5]]
[[2 0]
 [0 6]]
[[2 0]
 [0 6]]
[[2 0]
 [0 6]]
[[2 0]
 [0 6]]
[[2 0]
 [0 6]]
[[2 0]
 [0 6]]
[[2 0]
 [0 5]]
[[1 0]
 [0 5]]
[0.98750000000000004, 0.98750000000000004, 0.98750000000000004, 0.98750000000000004, 0.97083333333333344, 0.98750000000000004, 0.98750000000000004, 0.98750000000000004, 1.0, 0.98750000000000004]

# CV of Pros[73, 0, 693, 14]
['1909_at', '37639_at', '37537_at', '38634_at']
(102, 4)
[[6 0]
 [0 5]]
[[6 0]
 [0 5]]
[[5 0]
 [0 5]]
[[4 1]
 [0 5]]
[[5 0]
 [0 5]]
[[5 0]
 [0 5]]
[[5 0]
 [0 5]]
[[5 0]
 [0 5]]
[[5 0]
 [1 4]]
[[5 0]
 [0 5]]
(102, 4)
[[6 0]
 [0 5]]
[[4 2]
 [0 5]]
[[5 0]
 [0 5]]
[[5 0]
 [1 4]]
[[5 0]
 [0 5]]
[[5 0]
 [0 5]]
[[5 0]
 [0 5]]
[[5 0]
 [0 5]]
[[5 0]
 [0 5]]
[[5 0]
 [0 5]]
(102, 4)
[[6 0]
 [0 5]]
[[6 0]
 [0 5]]
[[5 0]
 [0 5]]
[[5 0]
 [0 5]]
[[5 0]
 [1 4]]
[[4 1]
 [0 5]]
[[5 0]
 [0 5]]
[[5 0]
 [0 5]]
[[5 0]
 [0 5]]
[[5 0]
 [0 5]]
(102, 4)
[[6 0]
 [0 5]]
[[6 0]
 [0 5]]
[[4 1]
 [0 5]]
[[5 0]
 [0 5]]
[[5 0]
 [0 5]]
[[5 0]
 [0 5]]
[[5 0]
 [1 4]]
[[5 0]
 [0 5]]
[[5 0]
 [0 5]]
[[5 0]
 [0 5]]
(102, 4)
[[6 0]
 [0 5]]
[[6 0]
 [0 5]]
[[4 1]
 [0 5]]
[[5 0]
 [0 5]]
[[5 0]
 [0 5]]
[[5 0]
 [1 4]]
[[5 0]
 [0 5]]
[[5 0]
 [0 5]]
[[5 0]
 [0 5]]
[[5 0]
 [0 5]]
(102, 4)
[[6 0]
 [0 5]]
[[5 1]
 [0 5]]
[[5 0]
 [0 5]]
[[5 0]
 [0 5]]
[[5 0]
 [1 4]]
[[5 0]
 [0 5]]
[[5 0]
 [0 5]]
[[5 0]
 [0 5]]
[[5 0]
 [0 5]]
[[5 0]
 [0 5]]
(102, 4)
[[6 0]
 [0 5]]
[[6 0]
 [0 5]]
[[5 0]
 [0 5]]
[[5 0]
 [0 5]]
[[5 0]
 [1 4]]
[[5 0]
 [0 5]]
[[5 0]
 [0 5]]
[[4 1]
 [0 5]]
[[5 0]
 [0 5]]
[[5 0]
 [0 5]]
(102, 4)
[[6 0]
 [0 5]]
[[6 0]
 [1 4]]
[[5 0]
 [0 5]]
[[4 1]
 [0 5]]
[[5 0]
 [0 5]]
[[5 0]
 [0 5]]
[[5 0]
 [0 5]]
[[5 0]
 [0 5]]
[[5 0]
 [0 5]]
[[5 0]
 [0 5]]
(102, 4)
[[6 0]
 [0 5]]
[[6 0]
 [0 5]]
[[5 0]
 [0 5]]
[[4 1]
 [0 5]]
[[5 0]
 [0 5]]
[[5 0]
 [0 5]]
[[5 0]
 [0 5]]
[[5 0]
 [0 5]]
[[5 0]
 [0 5]]
[[5 0]
 [1 4]]
(102, 4)
[[6 0]
 [0 5]]
[[6 0]
 [1 4]]
[[5 0]
 [0 5]]
[[5 0]
 [0 5]]
[[5 0]
 [0 5]]
[[5 0]
 [0 5]]
[[5 0]
 [0 5]]
[[5 0]
 [0 5]]
[[4 1]
 [0 5]]
[[5 0]
 [0 5]]
[0.98000000000000009, 0.97181818181818191, 0.98000000000000009, 0.98000000000000009, 0.98000000000000009, 0.98090909090909084, 0.98000000000000009, 0.98090909090909084, 0.98000000000000009, 0.98090909090909084]

# CV of Colon[224, 494, 14, 239, 175, 57]
['Hsa.442', 'Hsa.5756', 'Hsa.36952', 'Hsa.5226', 'Hsa.94', 'Hsa.36696']
(62, 6)
[[4 0]
 [1 2]]
[[4 0]
 [0 3]]
[[3 1]
 [0 2]]
[[4 0]
 [0 2]]
[[4 0]
 [0 2]]
[[4 0]
 [0 2]]
[[4 0]
 [0 2]]
[[4 0]
 [0 2]]
[[4 0]
 [0 2]]
[[3 1]
 [0 2]]
(62, 6)
[[4 0]
 [0 3]]
[[4 0]
 [0 3]]
[[4 0]
 [0 2]]
[[4 0]
 [0 2]]
[[3 1]
 [0 2]]
[[4 0]
 [0 2]]
[[4 0]
 [0 2]]
[[4 0]
 [0 2]]
[[4 0]
 [1 1]]
[[4 0]
 [0 2]]
(62, 6)
[[4 0]
 [1 2]]
[[4 0]
 [0 3]]
[[3 1]
 [0 2]]
[[4 0]
 [0 2]]
[[4 0]
 [0 2]]
[[4 0]
 [0 2]]
[[4 0]
 [0 2]]
[[4 0]
 [0 2]]
[[4 0]
 [0 2]]
[[4 0]
 [0 2]]
(62, 6)
[[4 0]
 [0 3]]
[[4 0]
 [0 3]]
[[4 0]
 [0 2]]
[[4 0]
 [0 2]]
[[4 0]
 [0 2]]
[[4 0]
 [0 2]]
[[4 0]
 [0 2]]
[[4 0]
 [0 2]]
[[4 0]
 [1 1]]
[[4 0]
 [0 2]]
(62, 6)
[[4 0]
 [1 2]]
[[4 0]
 [0 3]]
[[4 0]
 [0 2]]
[[4 0]
 [0 2]]
[[4 0]
 [0 2]]
[[3 1]
 [0 2]]
[[4 0]
 [0 2]]
[[4 0]
 [0 2]]
[[4 0]
 [0 2]]
[[4 0]
 [0 2]]
(62, 6)
[[4 0]
 [0 3]]
[[4 0]
 [0 3]]
[[4 0]
 [0 2]]
[[4 0]
 [0 2]]
[[4 0]
 [0 2]]
[[4 0]
 [0 2]]
[[4 0]
 [0 2]]
[[4 0]
 [0 2]]
[[4 0]
 [1 1]]
[[4 0]
 [0 2]]
(62, 6)
[[4 0]
 [0 3]]
[[4 0]
 [0 3]]
[[4 0]
 [0 2]]
[[4 0]
 [0 2]]
[[4 0]
 [0 2]]
[[4 0]
 [0 2]]
[[4 0]
 [0 2]]
[[4 0]
 [0 2]]
[[4 0]
 [0 2]]
[[4 0]
 [1 1]]
(62, 6)
[[4 0]
 [1 2]]
[[4 0]
 [0 3]]
[[4 0]
 [0 2]]
[[4 0]
 [0 2]]
[[4 0]
 [0 2]]
[[4 0]
 [0 2]]
[[4 0]
 [0 2]]
[[4 0]
 [0 2]]
[[4 0]
 [0 2]]
[[4 0]
 [0 2]]
(62, 6)
[[4 0]
 [0 3]]
[[4 0]
 [0 3]]
[[4 0]
 [0 2]]
[[4 0]
 [0 2]]
[[4 0]
 [0 2]]
[[4 0]
 [1 1]]
[[4 0]
 [0 2]]
[[4 0]
 [1 1]]
[[4 0]
 [0 2]]
[[4 0]
 [0 2]]
(62, 6)
[[4 0]
 [1 2]]
[[4 0]
 [0 3]]
[[4 0]
 [0 2]]
[[4 0]
 [0 2]]
[[4 0]
 [1 1]]
[[4 0]
 [0 2]]
[[4 0]
 [0 2]]
[[3 1]
 [0 2]]
[[4 0]
 [0 2]]
[[4 0]
 [0 2]]
[0.95238095238095233, 0.96666666666666656, 0.96904761904761894, 0.98333333333333339, 0.96904761904761894, 0.98333333333333339, 0.98333333333333339, 0.98571428571428577, 0.96666666666666656, 0.95238095238095233]

# CV of Leuk[3, 6]
['M23197_at', 'M31523_at']
(72, 2)
[[3 0]
 [0 5]]
[[3 0]
 [0 5]]
[[3 0]
 [1 4]]
[[3 0]
 [0 5]]
[[3 0]
 [0 5]]
[[2 0]
 [0 5]]
[[2 0]
 [0 5]]
[[2 0]
 [0 4]]
[[2 0]
 [0 4]]
[[2 0]
 [0 4]]
(72, 2)
[[3 0]
 [0 5]]
[[3 0]
 [0 5]]
[[3 0]
 [0 5]]
[[3 0]
 [0 5]]
[[3 0]
 [0 5]]
[[2 0]
 [0 5]]
[[2 0]
 [0 5]]
[[2 0]
 [0 4]]
[[2 0]
 [0 4]]
[[2 0]
 [0 4]]
(72, 2)
[[3 0]
 [0 5]]
[[3 0]
 [0 5]]
[[3 0]
 [0 5]]
[[3 0]
 [0 5]]
[[3 0]
 [0 5]]
[[2 0]
 [0 5]]
[[2 0]
 [0 5]]
[[2 0]
 [0 4]]
[[2 0]
 [1 3]]
[[2 0]
 [0 4]]
(72, 2)
[[3 0]
 [0 5]]
[[3 0]
 [0 5]]
[[3 0]
 [0 5]]
[[3 0]
 [0 5]]
[[3 0]
 [0 5]]
[[2 0]
 [0 5]]
[[2 0]
 [0 5]]
[[2 0]
 [0 4]]
[[2 0]
 [0 4]]
[[2 0]
 [0 4]]
(72, 2)
[[3 0]
 [0 5]]
[[3 0]
 [0 5]]
[[3 0]
 [0 5]]
[[3 0]
 [0 5]]
[[3 0]
 [0 5]]
[[2 0]
 [1 4]]
[[2 0]
 [0 5]]
[[2 0]
 [0 4]]
[[2 0]
 [0 4]]
[[2 0]
 [0 4]]
(72, 2)
[[3 0]
 [0 5]]
[[3 0]
 [0 5]]
[[3 0]
 [0 5]]
[[3 0]
 [0 5]]
[[3 0]
 [0 5]]
[[2 0]
 [0 5]]
[[2 0]
 [0 5]]
[[2 0]
 [0 4]]
[[2 0]
 [0 4]]
[[2 0]
 [0 4]]
(72, 2)
[[3 0]
 [0 5]]
[[3 0]
 [0 5]]
[[3 0]
 [0 5]]
[[3 0]
 [0 5]]
[[3 0]
 [0 5]]
[[2 0]
 [0 5]]
[[2 0]
 [0 5]]
[[2 0]
 [0 4]]
[[2 0]
 [0 4]]
[[2 0]
 [0 4]]
(72, 2)
[[3 0]
 [0 5]]
[[3 0]
 [0 5]]
[[3 0]
 [0 5]]
[[3 0]
 [0 5]]
[[3 0]
 [1 4]]
[[2 0]
 [0 5]]
[[2 0]
 [0 5]]
[[2 0]
 [0 4]]
[[2 0]
 [0 4]]
[[2 0]
 [0 4]]
(72, 2)
[[3 0]
 [0 5]]
[[3 0]
 [0 5]]
[[3 0]
 [0 5]]
[[3 0]
 [0 5]]
[[3 0]
 [0 5]]
[[2 0]
 [0 5]]
[[2 0]
 [1 4]]
[[2 0]
 [0 4]]
[[2 0]
 [0 4]]
[[2 0]
 [0 4]]
(72, 2)
[[3 0]
 [0 5]]
[[3 0]
 [0 5]]
[[3 0]
 [0 5]]
[[3 0]
 [0 5]]
[[3 0]
 [0 5]]
[[2 0]
 [0 5]]
[[2 0]
 [0 5]]
[[2 0]
 [0 4]]
[[2 0]
 [0 4]]
[[2 0]
 [0 4]]
[0.98750000000000004, 1.0, 0.98333333333333339, 1.0, 0.98571428571428577, 1.0, 1.0, 0.98750000000000004, 0.98571428571428577, 1.0]

# CV of Mye[403, 142, 14, 2, 377, 568, 82]
['1368_at', '34571_at', '33130_at', '35977_at', '38013_at', '41150_r_at', '31366_at']
(173, 7)
[[ 3  1]
 [ 0 14]]
[[ 4  0]
 [ 0 14]]
[[ 2  2]
 [ 1 13]]
[[ 3  1]
 [ 0 14]]
[[ 4  0]
 [ 1 13]]
[[ 2  2]
 [ 1 13]]
[[ 2  1]
 [ 2 12]]
[[ 2  1]
 [ 1 12]]
[[ 3  0]
 [ 0 13]]
[[ 3  0]
 [ 1 12]]
(173, 7)
[[ 4  0]
 [ 0 14]]
[[ 4  0]
 [ 0 14]]
[[ 3  1]
 [ 2 12]]
[[ 4  0]
 [ 0 14]]
[[ 4  0]
 [ 0 14]]
[[ 1  3]
 [ 2 12]]
[[ 2  1]
 [ 1 13]]
[[ 3  0]
 [ 0 13]]
[[ 3  0]
 [ 0 13]]
[[ 3  0]
 [ 0 13]]
(173, 7)
[[ 4  0]
 [ 0 14]]
[[ 1  3]
 [ 0 14]]
[[ 4  0]
 [ 1 13]]
[[ 3  1]
 [ 0 14]]
[[ 3  1]
 [ 0 14]]
[[ 3  1]
 [ 1 13]]
[[ 2  1]
 [ 2 12]]
[[ 3  0]
 [ 0 13]]
[[ 2  1]
 [ 2 11]]
[[ 3  0]
 [ 0 13]]
(173, 7)
[[ 3  1]
 [ 1 13]]
[[ 4  0]
 [ 1 13]]
[[ 2  2]
 [ 1 13]]
[[ 4  0]
 [ 0 14]]
[[ 3  1]
 [ 0 14]]
[[ 2  2]
 [ 1 13]]
[[ 3  0]
 [ 0 14]]
[[ 0  3]
 [ 0 13]]
[[ 3  0]
 [ 0 13]]
[[ 3  0]
 [ 0 13]]
(173, 7)
[[ 3  1]
 [ 1 13]]
[[ 4  0]
 [ 1 13]]
[[ 3  1]
 [ 0 14]]
[[ 3  1]
 [ 0 14]]
[[ 3  1]
 [ 0 14]]
[[ 4  0]
 [ 0 14]]
[[ 2  1]
 [ 1 13]]
[[ 3  0]
 [ 0 13]]
[[ 2  1]
 [ 0 13]]
[[ 3  0]
 [ 2 11]]
(173, 7)
[[ 3  1]
 [ 1 13]]
[[ 3  1]
 [ 0 14]]
[[ 4  0]
 [ 0 14]]
[[ 3  1]
 [ 1 13]]
[[ 4  0]
 [ 1 13]]
[[ 4  0]
 [ 0 14]]
[[ 3  0]
 [ 2 12]]
[[ 2  1]
 [ 1 12]]
[[ 3  0]
 [ 0 13]]
[[ 2  1]
 [ 0 13]]
(173, 7)
[[ 2  2]
 [ 0 14]]
[[ 4  0]
 [ 1 13]]
[[ 2  2]
 [ 0 14]]
[[ 3  1]
 [ 1 13]]
[[ 4  0]
 [ 2 12]]
[[ 4  0]
 [ 0 14]]
[[ 3  0]
 [ 0 14]]
[[ 3  0]
 [ 0 13]]
[[ 2  1]
 [ 1 12]]
[[ 2  1]
 [ 0 13]]
(173, 7)
[[ 4  0]
 [ 0 14]]
[[ 3  1]
 [ 0 14]]
[[ 2  2]
 [ 1 13]]
[[ 4  0]
 [ 1 13]]
[[ 2  2]
 [ 1 13]]
[[ 3  1]
 [ 0 14]]
[[ 3  0]
 [ 0 14]]
[[ 3  0]
 [ 0 13]]
[[ 3  0]
 [ 1 12]]
[[ 3  0]
 [ 0 13]]
(173, 7)
[[ 4  0]
 [ 1 13]]
[[ 3  1]
 [ 0 14]]
[[ 3  1]
 [ 0 14]]
[[ 3  1]
 [ 2 12]]
[[ 3  1]
 [ 0 14]]
[[ 4  0]
 [ 0 14]]
[[ 3  0]
 [ 0 14]]
[[ 3  0]
 [ 0 13]]
[[ 3  0]
 [ 0 13]]
[[ 2  1]
 [ 1 12]]
(173, 7)
[[ 4  0]
 [ 0 14]]
[[ 4  0]
 [ 1 13]]
[[ 4  0]
 [ 0 14]]
[[ 3  1]
 [ 0 14]]
[[ 2  2]
 [ 1 13]]
[[ 3  1]
 [ 0 14]]
[[ 1  2]
 [ 0 14]]
[[ 3  0]
 [ 1 12]]
[[ 2  1]
 [ 1 12]]
[[ 3  0]
 [ 1 12]]
[0.91360294117647067, 0.94379084967320259, 0.91915849673202599, 0.92569444444444426, 0.93615196078431373, 0.93615196078431373, 0.93125000000000002, 0.94374999999999998, 0.94861111111111107, 0.92990196078431375]

# CV of ALL1[0]
['38319_at']
(128, 1)
[[ 4  0]
 [ 0 10]]
[[ 4  0]
 [ 0 10]]
[[ 4  0]
 [ 0 10]]
[[ 3  0]
 [ 0 10]]
[[ 3  0]
 [ 0 10]]
[[3 0]
 [0 9]]
[[3 0]
 [0 9]]
[[3 0]
 [0 9]]
[[3 0]
 [0 9]]
[[3 0]
 [1 8]]
(128, 1)
[[ 4  0]
 [ 0 10]]
[[ 4  0]
 [ 0 10]]
[[ 4  0]
 [ 0 10]]
[[ 3  0]
 [ 0 10]]
[[ 3  0]
 [ 0 10]]
[[3 0]
 [0 9]]
[[3 0]
 [0 9]]
[[3 0]
 [0 9]]
[[3 0]
 [0 9]]
[[3 0]
 [0 9]]
(128, 1)
[[ 4  0]
 [ 0 10]]
[[ 4  0]
 [ 0 10]]
[[ 4  0]
 [ 0 10]]
[[ 3  0]
 [ 0 10]]
[[ 3  0]
 [ 0 10]]
[[3 0]
 [0 9]]
[[3 0]
 [0 9]]
[[3 0]
 [0 9]]
[[3 0]
 [0 9]]
[[3 0]
 [0 9]]
(128, 1)
[[ 4  0]
 [ 0 10]]
[[ 4  0]
 [ 0 10]]
[[4 0]
 [1 9]]
[[ 3  0]
 [ 0 10]]
[[ 3  0]
 [ 0 10]]
[[3 0]
 [0 9]]
[[3 0]
 [0 9]]
[[3 0]
 [0 9]]
[[3 0]
 [0 9]]
[[3 0]
 [0 9]]
(128, 1)
[[ 4  0]
 [ 0 10]]
[[ 4  0]
 [ 0 10]]
[[ 4  0]
 [ 0 10]]
[[ 3  0]
 [ 0 10]]
[[ 3  0]
 [ 0 10]]
[[3 0]
 [0 9]]
[[3 0]
 [0 9]]
[[3 0]
 [0 9]]
[[3 0]
 [0 9]]
[[3 0]
 [0 9]]
(128, 1)
[[ 4  0]
 [ 0 10]]
[[ 4  0]
 [ 0 10]]
[[ 4  0]
 [ 0 10]]
[[ 3  0]
 [ 0 10]]
[[ 3  0]
 [ 0 10]]
[[3 0]
 [0 9]]
[[3 0]
 [0 9]]
[[3 0]
 [1 8]]
[[3 0]
 [0 9]]
[[3 0]
 [0 9]]
(128, 1)
[[ 4  0]
 [ 0 10]]
[[ 4  0]
 [ 0 10]]
[[ 4  0]
 [ 0 10]]
[[ 3  0]
 [ 0 10]]
[[ 3  0]
 [ 0 10]]
[[3 0]
 [0 9]]
[[3 0]
 [0 9]]
[[3 0]
 [0 9]]
[[3 0]
 [0 9]]
[[3 0]
 [0 9]]
(128, 1)
[[ 4  0]
 [ 0 10]]
[[ 4  0]
 [ 0 10]]
[[ 4  0]
 [ 0 10]]
[[ 3  0]
 [ 0 10]]
[[ 3  0]
 [ 0 10]]
[[3 0]
 [0 9]]
[[3 0]
 [0 9]]
[[3 0]
 [0 9]]
[[3 0]
 [0 9]]
[[3 0]
 [0 9]]
(128, 1)
[[ 4  0]
 [ 0 10]]
[[ 4  0]
 [ 0 10]]
[[ 4  0]
 [ 0 10]]
[[ 3  0]
 [ 0 10]]
[[ 3  0]
 [ 0 10]]
[[3 0]
 [0 9]]
[[3 0]
 [0 9]]
[[3 0]
 [0 9]]
[[3 0]
 [0 9]]
[[3 0]
 [0 9]]
(128, 1)
[[ 4  0]
 [ 0 10]]
[[ 4  0]
 [ 0 10]]
[[ 4  0]
 [ 0 10]]
[[ 3  0]
 [ 0 10]]
[[ 3  0]
 [ 0 10]]
[[3 0]
 [0 9]]
[[3 0]
 [0 9]]
[[3 0]
 [0 9]]
[[3 0]
 [0 9]]
[[3 0]
 [0 9]]
[0.99166666666666659, 1.0, 1.0, 0.99285714285714288, 1.0, 0.99166666666666681, 1.0, 1.0, 1.0, 1.0]

# CV of ALL2[0, 736, 521, 77, 686, 79, 51, 759]
['37502_at', '31331_at', '1838_g_at', '1291_s_at', '819_at', '39408_at', '39885_at', '39336_at']
(100, 8)
[[4 0]
 [0 7]]
[[3 1]
 [0 7]]
[[4 0]
 [0 7]]
[[3 1]
 [0 7]]
[[2 2]
 [1 6]]
[[3 0]
 [2 4]]
[[3 0]
 [0 6]]
[[3 0]
 [0 6]]
[[2 1]
 [2 4]]
[[3 0]
 [1 5]]
(100, 8)
[[4 0]
 [1 6]]
[[4 0]
 [2 5]]
[[4 0]
 [0 7]]
[[4 0]
 [0 7]]
[[3 1]
 [2 5]]
[[3 0]
 [0 6]]
[[3 0]
 [0 6]]
[[3 0]
 [1 5]]
[[2 1]
 [0 6]]
[[1 2]
 [0 6]]
(100, 8)
[[2 2]
 [1 6]]
[[4 0]
 [1 6]]
[[4 0]
 [0 7]]
[[2 2]
 [1 6]]
[[3 1]
 [1 6]]
[[3 0]
 [0 6]]
[[3 0]
 [1 5]]
[[3 0]
 [1 5]]
[[3 0]
 [1 5]]
[[2 1]
 [0 6]]
(100, 8)
[[4 0]
 [0 7]]
[[4 0]
 [0 7]]
[[3 1]
 [1 6]]
[[4 0]
 [0 7]]
[[4 0]
 [1 6]]
[[3 0]
 [0 6]]
[[2 1]
 [2 4]]
[[2 1]
 [1 5]]
[[3 0]
 [2 4]]
[[2 1]
 [0 6]]
(100, 8)
[[4 0]
 [1 6]]
[[4 0]
 [0 7]]
[[4 0]
 [2 5]]
[[3 1]
 [0 7]]
[[2 2]
 [2 5]]
[[3 0]
 [0 6]]
[[3 0]
 [0 6]]
[[3 0]
 [1 5]]
[[1 2]
 [0 6]]
[[2 1]
 [0 6]]
(100, 8)
[[3 1]
 [0 7]]
[[3 1]
 [1 6]]
[[3 1]
 [1 6]]
[[4 0]
 [0 7]]
[[4 0]
 [0 7]]
[[3 0]
 [3 3]]
[[3 0]
 [1 5]]
[[3 0]
 [0 6]]
[[2 1]
 [0 6]]
[[1 2]
 [1 5]]
(100, 8)
[[4 0]
 [1 6]]
[[4 0]
 [2 5]]
[[3 1]
 [0 7]]
[[4 0]
 [1 6]]
[[2 2]
 [0 7]]
[[3 0]
 [0 6]]
[[3 0]
 [0 6]]
[[3 0]
 [0 6]]
[[3 0]
 [1 5]]
[[1 2]
 [0 6]]
(100, 8)
[[2 2]
 [2 5]]
[[4 0]
 [0 7]]
[[3 1]
 [0 7]]
[[4 0]
 [0 7]]
[[3 1]
 [2 5]]
[[2 1]
 [0 6]]
[[2 1]
 [0 6]]
[[2 1]
 [1 5]]
[[3 0]
 [0 6]]
[[3 0]
 [2 4]]
(100, 8)
[[4 0]
 [0 7]]
[[4 0]
 [0 7]]
[[4 0]
 [0 7]]
[[4 0]
 [0 7]]
[[2 2]
 [2 5]]
[[2 1]
 [1 5]]
[[3 0]
 [1 5]]
[[3 0]
 [1 5]]
[[2 1]
 [1 5]]
[[2 1]
 [1 5]]
(100, 8)
[[4 0]
 [1 6]]
[[4 0]
 [1 6]]
[[3 1]
 [0 7]]
[[2 2]
 [2 5]]
[[4 0]
 [0 7]]
[[1 2]
 [0 6]]
[[3 0]
 [1 5]]
[[2 1]
 [0 6]]
[[3 0]
 [1 5]]
[[3 0]
 [1 5]]
[0.88787878787878793, 0.90101010101010126, 0.87373737373737392, 0.88383838383838387, 0.88282828282828285, 0.86565656565656557, 0.90303030303030307, 0.8606060606060606, 0.87474747474747472, 0.86969696969696975]

# CV of ALL3[769, 3, 487, 74, 714, 141, 51, 509]
['41259_at', '38907_at', '201_s_at', '34284_at', '37809_at', '37693_at', '38478_at', '34497_at']
(125, 8)
[[11  0]
 [ 0  3]]
[[10  0]
 [ 1  2]]
[[10  0]
 [ 2  1]]
[[9 1]
 [0 3]]
[[9 1]
 [0 2]]
[[10  0]
 [ 1  1]]
[[8 2]
 [0 2]]
[[10  0]
 [ 0  2]]
[[10  0]
 [ 0  2]]
[[10  0]
 [ 1  1]]
(125, 8)
[[10  1]
 [ 0  3]]
[[9 1]
 [1 2]]
[[10  0]
 [ 1  2]]
[[10  0]
 [ 1  2]]
[[9 1]
 [0 2]]
[[9 1]
 [1 1]]
[[10  0]
 [ 0  2]]
[[9 1]
 [0 2]]
[[10  0]
 [ 0  2]]
[[10  0]
 [ 1  1]]
(125, 8)
[[10  1]
 [ 0  3]]
[[10  0]
 [ 1  2]]
[[10  0]
 [ 2  1]]
[[10  0]
 [ 3  0]]
[[9 1]
 [0 2]]
[[9 1]
 [0 2]]
[[10  0]
 [ 0  2]]
[[9 1]
 [0 2]]
[[9 1]
 [0 2]]
[[10  0]
 [ 1  1]]
(125, 8)
[[11  0]
 [ 1  2]]
[[10  0]
 [ 1  2]]
[[9 1]
 [1 2]]
[[9 1]
 [1 2]]
[[10  0]
 [ 0  2]]
[[9 1]
 [1 1]]
[[10  0]
 [ 1  1]]
[[10  0]
 [ 1  1]]
[[10  0]
 [ 0  2]]
[[9 1]
 [0 2]]
(125, 8)
[[10  1]
 [ 0  3]]
[[10  0]
 [ 1  2]]
[[10  0]
 [ 1  2]]
[[10  0]
 [ 1  2]]
[[10  0]
 [ 0  2]]
[[8 2]
 [0 2]]
[[10  0]
 [ 1  1]]
[[9 1]
 [1 1]]
[[10  0]
 [ 1  1]]
[[10  0]
 [ 0  2]]
(125, 8)
[[9 2]
 [0 3]]
[[10  0]
 [ 0  3]]
[[10  0]
 [ 1  2]]
[[9 1]
 [1 2]]
[[10  0]
 [ 0  2]]
[[10  0]
 [ 0  2]]
[[9 1]
 [1 1]]
[[10  0]
 [ 0  2]]
[[9 1]
 [1 1]]
[[10  0]
 [ 1  1]]
(125, 8)
[[10  1]
 [ 1  2]]
[[8 2]
 [0 3]]
[[10  0]
 [ 0  3]]
[[10  0]
 [ 0  3]]
[[10  0]
 [ 1  1]]
[[10  0]
 [ 0  2]]
[[10  0]
 [ 1  1]]
[[10  0]
 [ 0  2]]
[[9 1]
 [1 1]]
[[10  0]
 [ 1  1]]
(125, 8)
[[11  0]
 [ 0  3]]
[[10  0]
 [ 2  1]]
[[9 1]
 [1 2]]
[[10  0]
 [ 2  1]]
[[10  0]
 [ 0  2]]
[[9 1]
 [0 2]]
[[10  0]
 [ 0  2]]
[[9 1]
 [0 2]]
[[10  0]
 [ 1  1]]
[[10  0]
 [ 0  2]]
(125, 8)
[[9 2]
 [0 3]]
[[10  0]
 [ 0  3]]
[[9 1]
 [0 3]]
[[10  0]
 [ 1  2]]
[[10  0]
 [ 0  2]]
[[10  0]
 [ 2  0]]
[[9 1]
 [1 1]]
[[9 1]
 [1 1]]
[[10  0]
 [ 0  2]]
[[10  0]
 [ 1  1]]
(125, 8)
[[11  0]
 [ 0  3]]
[[10  0]
 [ 1  2]]
[[9 1]
 [1 2]]
[[9 1]
 [1 2]]
[[10  0]
 [ 0  2]]
[[10  0]
 [ 0  2]]
[[10  0]
 [ 0  2]]
[[10  0]
 [ 1  1]]
[[9 1]
 [2 0]]
[[9 1]
 [0 2]]
[0.9275641025641026, 0.92042124542124548, 0.90503663003663015, 0.91272893772893782, 0.91978021978021973, 0.92097069597069581, 0.92866300366300369, 0.92884615384615388, 0.91199633699633686, 0.91987179487179471]

# CV of ALL4[0, 5, 38, 753, 534, 281]
['39631_at', '38119_at', '36795_at', '1265_g_at', '39905_i_at', '36873_at']
(93, 6)
[[7 0]
 [0 3]]
[[6 1]
 [0 3]]
[[7 0]
 [0 3]]
[[7 0]
 [0 3]]
[[7 0]
 [1 2]]
[[7 0]
 [0 3]]
[[7 0]
 [2 0]]
[[6 0]
 [0 2]]
[[6 0]
 [1 1]]
[[6 0]
 [0 2]]
(93, 6)
[[7 0]
 [0 3]]
[[7 0]
 [1 2]]
[[7 0]
 [0 3]]
[[7 0]
 [0 3]]
[[7 0]
 [0 3]]
[[6 1]
 [0 3]]
[[7 0]
 [0 2]]
[[6 0]
 [1 1]]
[[6 0]
 [0 2]]
[[6 0]
 [0 2]]
(93, 6)
[[7 0]
 [0 3]]
[[6 1]
 [1 2]]
[[7 0]
 [0 3]]
[[7 0]
 [0 3]]
[[7 0]
 [0 3]]
[[7 0]
 [0 3]]
[[7 0]
 [0 2]]
[[6 0]
 [0 2]]
[[6 0]
 [1 1]]
[[6 0]
 [0 2]]
(93, 6)
[[7 0]
 [1 2]]
[[7 0]
 [1 2]]
[[7 0]
 [0 3]]
[[7 0]
 [0 3]]
[[6 1]
 [1 2]]
[[7 0]
 [0 3]]
[[7 0]
 [0 2]]
[[6 0]
 [0 2]]
[[5 1]
 [0 2]]
[[6 0]
 [0 2]]
(93, 6)
[[7 0]
 [0 3]]
[[7 0]
 [0 3]]
[[7 0]
 [0 3]]
[[7 0]
 [0 3]]
[[7 0]
 [1 2]]
[[6 1]
 [1 2]]
[[7 0]
 [0 2]]
[[6 0]
 [0 2]]
[[5 1]
 [0 2]]
[[6 0]
 [0 2]]
(93, 6)
[[7 0]
 [0 3]]
[[7 0]
 [0 3]]
[[7 0]
 [0 3]]
[[6 1]
 [0 3]]
[[7 0]
 [0 3]]
[[7 0]
 [2 1]]
[[7 0]
 [1 1]]
[[6 0]
 [0 2]]
[[6 0]
 [0 2]]
[[6 0]
 [0 2]]
(93, 6)
[[6 1]
 [0 3]]
[[7 0]
 [0 3]]
[[7 0]
 [0 3]]
[[7 0]
 [1 2]]
[[7 0]
 [0 3]]
[[7 0]
 [1 2]]
[[7 0]
 [0 2]]
[[6 0]
 [0 2]]
[[6 0]
 [0 2]]
[[6 0]
 [0 2]]
(93, 6)
[[7 0]
 [0 3]]
[[6 1]
 [0 3]]
[[6 1]
 [0 3]]
[[7 0]
 [0 3]]
[[7 0]
 [0 3]]
[[7 0]
 [0 3]]
[[7 0]
 [0 2]]
[[6 0]
 [0 2]]
[[6 0]
 [1 1]]
[[6 0]
 [0 2]]
(93, 6)
[[7 0]
 [1 2]]
[[7 0]
 [0 3]]
[[7 0]
 [0 3]]
[[7 0]
 [0 3]]
[[7 0]
 [0 3]]
[[6 1]
 [1 2]]
[[7 0]
 [0 2]]
[[6 0]
 [0 2]]
[[6 0]
 [0 2]]
[[6 0]
 [0 2]]
(93, 6)
[[7 0]
 [0 3]]
[[6 1]
 [0 3]]
[[7 0]
 [0 3]]
[[7 0]
 [0 3]]
[[7 0]
 [0 3]]
[[7 0]
 [1 2]]
[[7 0]
 [0 2]]
[[6 0]
 [0 2]]
[[6 0]
 [0 2]]
[[6 0]
 [0 2]]
[0.94527777777777777, 0.96750000000000003, 0.96750000000000003, 0.94750000000000001, 0.95749999999999991, 0.9588888888888889, 0.96999999999999997, 0.96750000000000003, 0.96999999999999997, 0.98000000000000009]

# CV of CNS[129, 130, 519, 8, 271, 272, 52]
['X64624_s_at', 'X93511_s_at', 'X78565_at', 'S76475_at', 'K01911_at', 'S78693_f_at', 'M96739_at']
(60, 7)
[[4 0]
 [0 3]]
[[4 0]
 [0 2]]
[[3 1]
 [0 2]]
[[4 0]
 [0 2]]
[[4 0]
 [0 2]]
[[4 0]
 [0 2]]
[[4 0]
 [0 2]]
[[4 0]
 [0 2]]
[[4 0]
 [0 2]]
[[3 0]
 [0 2]]
(60, 7)
[[4 0]
 [0 3]]
[[4 0]
 [0 2]]
[[4 0]
 [0 2]]
[[4 0]
 [0 2]]
[[4 0]
 [0 2]]
[[4 0]
 [0 2]]
[[3 1]
 [0 2]]
[[4 0]
 [0 2]]
[[3 1]
 [0 2]]
[[3 0]
 [0 2]]
(60, 7)
[[4 0]
 [0 3]]
[[4 0]
 [0 2]]
[[4 0]
 [0 2]]
[[4 0]
 [0 2]]
[[4 0]
 [0 2]]
[[4 0]
 [0 2]]
[[4 0]
 [0 2]]
[[4 0]
 [0 2]]
[[3 1]
 [0 2]]
[[3 0]
 [0 2]]
(60, 7)
[[4 0]
 [0 3]]
[[4 0]
 [0 2]]
[[4 0]
 [0 2]]
[[4 0]
 [0 2]]
[[2 2]
 [0 2]]
[[4 0]
 [0 2]]
[[4 0]
 [0 2]]
[[4 0]
 [0 2]]
[[4 0]
 [0 2]]
[[3 0]
 [0 2]]
(60, 7)
[[4 0]
 [0 3]]
[[4 0]
 [0 2]]
[[3 1]
 [0 2]]
[[4 0]
 [0 2]]
[[4 0]
 [0 2]]
[[4 0]
 [0 2]]
[[4 0]
 [0 2]]
[[4 0]
 [0 2]]
[[4 0]
 [0 2]]
[[3 0]
 [0 2]]
(60, 7)
[[4 0]
 [0 3]]
[[4 0]
 [0 2]]
[[4 0]
 [0 2]]
[[4 0]
 [0 2]]
[[3 1]
 [0 2]]
[[4 0]
 [0 2]]
[[4 0]
 [0 2]]
[[4 0]
 [0 2]]
[[4 0]
 [0 2]]
[[3 0]
 [0 2]]
(60, 7)
[[3 1]
 [0 3]]
[[4 0]
 [0 2]]
[[4 0]
 [0 2]]
[[4 0]
 [0 2]]
[[4 0]
 [0 2]]
[[4 0]
 [0 2]]
[[4 0]
 [0 2]]
[[4 0]
 [0 2]]
[[4 0]
 [0 2]]
[[3 0]
 [0 2]]
(60, 7)
[[4 0]
 [0 3]]
[[3 1]
 [0 2]]
[[4 0]
 [0 2]]
[[4 0]
 [0 2]]
[[4 0]
 [0 2]]
[[4 0]
 [0 2]]
[[4 0]
 [0 2]]
[[4 0]
 [0 2]]
[[4 0]
 [0 2]]
[[3 0]
 [0 2]]
(60, 7)
[[4 0]
 [0 3]]
[[4 0]
 [0 2]]
[[4 0]
 [0 2]]
[[4 0]
 [0 2]]
[[4 0]
 [0 2]]
[[3 1]
 [0 2]]
[[4 0]
 [0 2]]
[[4 0]
 [0 2]]
[[4 0]
 [0 2]]
[[3 0]
 [0 2]]
(60, 7)
[[4 0]
 [0 3]]
[[4 0]
 [0 2]]
[[4 0]
 [0 2]]
[[4 0]
 [0 2]]
[[4 0]
 [0 2]]
[[3 1]
 [0 2]]
[[4 0]
 [0 2]]
[[4 0]
 [0 2]]
[[4 0]
 [0 2]]
[[3 0]
 [0 2]]
[0.98333333333333339, 0.96666666666666656, 0.98333333333333339, 0.96666666666666679, 0.98333333333333339, 0.98333333333333317, 0.98571428571428577, 0.98333333333333339, 0.98333333333333317, 0.98333333333333317]

# CV of Lym[3, 668, 4]
['GENE3332X', 'GENE1191X', 'GENE3261X']
(45, 3)
[[3 0]
 [0 3]]
[[3 0]
 [0 3]]
[[2 0]
 [0 3]]
[[2 0]
 [0 2]]
[[2 0]
 [0 2]]
[[2 0]
 [0 2]]
[[2 0]
 [0 2]]
[[2 0]
 [0 2]]
[[2 0]
 [0 2]]
[[2 0]
 [0 2]]
(45, 3)
[[3 0]
 [0 3]]
[[3 0]
 [0 3]]
[[2 0]
 [0 3]]
[[2 0]
 [0 2]]
[[2 0]
 [0 2]]
[[2 0]
 [0 2]]
[[2 0]
 [0 2]]
[[2 0]
 [0 2]]
[[2 0]
 [0 2]]
[[2 0]
 [0 2]]
(45, 3)
[[3 0]
 [0 3]]
[[3 0]
 [0 3]]
[[2 0]
 [0 3]]
[[2 0]
 [0 2]]
[[2 0]
 [0 2]]
[[2 0]
 [0 2]]
[[2 0]
 [0 2]]
[[2 0]
 [0 2]]
[[2 0]
 [0 2]]
[[2 0]
 [0 2]]
(45, 3)
[[3 0]
 [0 3]]
[[3 0]
 [0 3]]
[[2 0]
 [0 3]]
[[2 0]
 [0 2]]
[[2 0]
 [0 2]]
[[2 0]
 [0 2]]
[[2 0]
 [0 2]]
[[2 0]
 [0 2]]
[[2 0]
 [0 2]]
[[2 0]
 [0 2]]
(45, 3)
[[3 0]
 [0 3]]
[[3 0]
 [0 3]]
[[2 0]
 [0 3]]
[[2 0]
 [0 2]]
[[2 0]
 [0 2]]
[[2 0]
 [0 2]]
[[2 0]
 [0 2]]
[[2 0]
 [0 2]]
[[2 0]
 [0 2]]
[[2 0]
 [0 2]]
(45, 3)
[[3 0]
 [0 3]]
[[3 0]
 [0 3]]
[[2 0]
 [0 3]]
[[2 0]
 [0 2]]
[[2 0]
 [0 2]]
[[2 0]
 [0 2]]
[[2 0]
 [0 2]]
[[2 0]
 [0 2]]
[[2 0]
 [0 2]]
[[2 0]
 [0 2]]
(45, 3)
[[3 0]
 [0 3]]
[[3 0]
 [0 3]]
[[2 0]
 [0 3]]
[[2 0]
 [0 2]]
[[2 0]
 [0 2]]
[[2 0]
 [0 2]]
[[2 0]
 [0 2]]
[[2 0]
 [0 2]]
[[2 0]
 [0 2]]
[[2 0]
 [0 2]]
(45, 3)
[[3 0]
 [0 3]]
[[3 0]
 [0 3]]
[[2 0]
 [0 3]]
[[2 0]
 [0 2]]
[[2 0]
 [0 2]]
[[2 0]
 [0 2]]
[[2 0]
 [0 2]]
[[2 0]
 [0 2]]
[[2 0]
 [0 2]]
[[2 0]
 [0 2]]
(45, 3)
[[3 0]
 [0 3]]
[[3 0]
 [0 3]]
[[2 0]
 [0 3]]
[[2 0]
 [0 2]]
[[2 0]
 [0 2]]
[[2 0]
 [0 2]]
[[2 0]
 [0 2]]
[[2 0]
 [0 2]]
[[2 0]
 [0 2]]
[[2 0]
 [0 2]]
(45, 3)
[[3 0]
 [0 3]]
[[3 0]
 [0 3]]
[[2 0]
 [0 3]]
[[2 0]
 [0 2]]
[[2 0]
 [0 2]]
[[2 0]
 [0 2]]
[[2 0]
 [0 2]]
[[2 0]
 [0 2]]
[[2 0]
 [0 2]]
[[2 0]
 [0 2]]
[1.0, 1.0, 1.0, 1.0, 1.0, 1.0, 1.0, 1.0, 1.0, 1.0]

# CV of Adeno[467]
['D43636']
(36, 1)
[[2 0]
 [0 2]]
[[2 0]
 [0 2]]
[[2 0]
 [0 2]]
[[2 0]
 [0 2]]
[[2 0]
 [0 2]]
[[2 0]
 [0 2]]
[[2 0]
 [0 2]]
[[2 0]
 [0 2]]
[[1 0]
 [0 1]]
[[1 0]
 [0 1]]
(36, 1)
[[2 0]
 [0 2]]
[[2 0]
 [0 2]]
[[2 0]
 [0 2]]
[[2 0]
 [0 2]]
[[2 0]
 [0 2]]
[[2 0]
 [0 2]]
[[2 0]
 [0 2]]
[[2 0]
 [0 2]]
[[1 0]
 [0 1]]
[[1 0]
 [0 1]]
(36, 1)
[[2 0]
 [0 2]]
[[2 0]
 [0 2]]
[[2 0]
 [0 2]]
[[2 0]
 [0 2]]
[[2 0]
 [0 2]]
[[2 0]
 [0 2]]
[[2 0]
 [0 2]]
[[2 0]
 [0 2]]
[[1 0]
 [0 1]]
[[1 0]
 [0 1]]
(36, 1)
[[2 0]
 [0 2]]
[[2 0]
 [0 2]]
[[2 0]
 [0 2]]
[[2 0]
 [0 2]]
[[2 0]
 [0 2]]
[[2 0]
 [0 2]]
[[2 0]
 [0 2]]
[[2 0]
 [0 2]]
[[1 0]
 [0 1]]
[[1 0]
 [0 1]]
(36, 1)
[[2 0]
 [0 2]]
[[2 0]
 [0 2]]
[[2 0]
 [0 2]]
[[2 0]
 [0 2]]
[[2 0]
 [0 2]]
[[2 0]
 [0 2]]
[[2 0]
 [0 2]]
[[2 0]
 [0 2]]
[[1 0]
 [0 1]]
[[1 0]
 [0 1]]
(36, 1)
[[2 0]
 [0 2]]
[[2 0]
 [0 2]]
[[2 0]
 [0 2]]
[[2 0]
 [0 2]]
[[2 0]
 [0 2]]
[[2 0]
 [0 2]]
[[2 0]
 [0 2]]
[[2 0]
 [0 2]]
[[1 0]
 [0 1]]
[[1 0]
 [0 1]]
(36, 1)
[[2 0]
 [0 2]]
[[2 0]
 [0 2]]
[[2 0]
 [0 2]]
[[2 0]
 [0 2]]
[[2 0]
 [0 2]]
[[2 0]
 [0 2]]
[[2 0]
 [0 2]]
[[2 0]
 [0 2]]
[[1 0]
 [0 1]]
[[1 0]
 [0 1]]
(36, 1)
[[2 0]
 [0 2]]
[[2 0]
 [0 2]]
[[2 0]
 [0 2]]
[[2 0]
 [0 2]]
[[2 0]
 [0 2]]
[[2 0]
 [0 2]]
[[2 0]
 [0 2]]
[[2 0]
 [0 2]]
[[1 0]
 [0 1]]
[[1 0]
 [0 1]]
(36, 1)
[[2 0]
 [0 2]]
[[2 0]
 [0 2]]
[[2 0]
 [0 2]]
[[2 0]
 [0 2]]
[[2 0]
 [0 2]]
[[2 0]
 [0 2]]
[[2 0]
 [0 2]]
[[2 0]
 [0 2]]
[[1 0]
 [0 1]]
[[1 0]
 [0 1]]
(36, 1)
[[2 0]
 [0 2]]
[[2 0]
 [0 2]]
[[2 0]
 [0 2]]
[[2 0]
 [0 2]]
[[2 0]
 [0 2]]
[[2 0]
 [0 2]]
[[2 0]
 [0 2]]
[[2 0]
 [0 2]]
[[1 0]
 [0 1]]
[[1 0]
 [0 1]]
[1.0, 1.0, 1.0, 1.0, 1.0, 1.0, 1.0, 1.0, 1.0, 1.0]

# CV of Gas[305, 76, 21]
['237466_s_at', '236118_at', '225571_at']
(65, 3)
[[3 0]
 [0 4]]
[[3 0]
 [0 4]]
[[3 0]
 [0 4]]
[[3 0]
 [0 4]]
[[3 0]
 [0 4]]
[[3 0]
 [0 4]]
[[3 0]
 [0 3]]
[[3 0]
 [0 3]]
[[3 0]
 [0 3]]
[[2 0]
 [0 3]]
(65, 3)
[[3 0]
 [0 4]]
[[3 0]
 [0 4]]
[[3 0]
 [0 4]]
[[3 0]
 [0 4]]
[[3 0]
 [0 4]]
[[3 0]
 [0 4]]
[[3 0]
 [0 3]]
[[3 0]
 [0 3]]
[[3 0]
 [0 3]]
[[2 0]
 [0 3]]
(65, 3)
[[3 0]
 [0 4]]
[[3 0]
 [0 4]]
[[3 0]
 [0 4]]
[[3 0]
 [0 4]]
[[3 0]
 [0 4]]
[[3 0]
 [0 4]]
[[3 0]
 [0 3]]
[[3 0]
 [0 3]]
[[3 0]
 [0 3]]
[[2 0]
 [0 3]]
(65, 3)
[[3 0]
 [0 4]]
[[3 0]
 [0 4]]
[[3 0]
 [0 4]]
[[3 0]
 [0 4]]
[[3 0]
 [0 4]]
[[3 0]
 [0 4]]
[[3 0]
 [0 3]]
[[3 0]
 [0 3]]
[[3 0]
 [0 3]]
[[2 0]
 [0 3]]
(65, 3)
[[3 0]
 [0 4]]
[[3 0]
 [0 4]]
[[3 0]
 [0 4]]
[[3 0]
 [0 4]]
[[3 0]
 [0 4]]
[[3 0]
 [0 4]]
[[3 0]
 [0 3]]
[[3 0]
 [0 3]]
[[3 0]
 [0 3]]
[[2 0]
 [0 3]]
(65, 3)
[[3 0]
 [0 4]]
[[3 0]
 [0 4]]
[[3 0]
 [0 4]]
[[3 0]
 [0 4]]
[[3 0]
 [0 4]]
[[3 0]
 [0 4]]
[[3 0]
 [0 3]]
[[3 0]
 [0 3]]
[[3 0]
 [0 3]]
[[2 0]
 [0 3]]
(65, 3)
[[3 0]
 [0 4]]
[[3 0]
 [0 4]]
[[3 0]
 [0 4]]
[[3 0]
 [0 4]]
[[3 0]
 [0 4]]
[[3 0]
 [0 4]]
[[3 0]
 [0 3]]
[[3 0]
 [0 3]]
[[3 0]
 [0 3]]
[[2 0]
 [0 3]]
(65, 3)
[[3 0]
 [0 4]]
[[3 0]
 [0 4]]
[[3 0]
 [0 4]]
[[3 0]
 [0 4]]
[[3 0]
 [0 4]]
[[3 0]
 [0 4]]
[[3 0]
 [0 3]]
[[3 0]
 [0 3]]
[[3 0]
 [0 3]]
[[2 0]
 [0 3]]
(65, 3)
[[3 0]
 [0 4]]
[[3 0]
 [0 4]]
[[3 0]
 [0 4]]
[[3 0]
 [0 4]]
[[3 0]
 [0 4]]
[[3 0]
 [0 4]]
[[3 0]
 [0 3]]
[[3 0]
 [0 3]]
[[3 0]
 [0 3]]
[[2 0]
 [0 3]]
(65, 3)
[[3 0]
 [0 4]]
[[3 0]
 [0 4]]
[[3 0]
 [0 4]]
[[3 0]
 [0 4]]
[[3 0]
 [0 4]]
[[3 0]
 [0 4]]
[[3 0]
 [0 3]]
[[3 0]
 [0 3]]
[[3 0]
 [0 3]]
[[2 0]
 [0 3]]
[1.0, 1.0, 1.0, 1.0, 1.0, 1.0, 1.0, 1.0, 1.0, 1.0]

# CV of Gas1[131, 716, 247]
['213125_at', '208897_s_at', '41037_at']
(144, 3)
[[7 1]
 [0 8]]
[[8 0]
 [0 8]]
[[7 0]
 [0 7]]
[[7 0]
 [0 7]]
[[7 0]
 [0 7]]
[[7 0]
 [0 7]]
[[7 0]
 [1 6]]
[[7 0]
 [0 7]]
[[6 1]
 [0 7]]
[[7 0]
 [0 7]]
(144, 3)
[[8 0]
 [0 8]]
[[7 1]
 [2 6]]
[[6 1]
 [0 7]]
[[7 0]
 [0 7]]
[[7 0]
 [0 7]]
[[7 0]
 [0 7]]
[[7 0]
 [0 7]]
[[7 0]
 [0 7]]
[[7 0]
 [0 7]]
[[7 0]
 [0 7]]
(144, 3)
[[7 1]
 [0 8]]
[[8 0]
 [0 8]]
[[7 0]
 [0 7]]
[[7 0]
 [0 7]]
[[6 1]
 [0 7]]
[[7 0]
 [0 7]]
[[6 1]
 [0 7]]
[[7 0]
 [0 7]]
[[7 0]
 [2 5]]
[[7 0]
 [0 7]]
(144, 3)
[[8 0]
 [0 8]]
[[8 0]
 [1 7]]
[[7 0]
 [0 7]]
[[7 0]
 [0 7]]
[[6 1]
 [0 7]]
[[6 1]
 [0 7]]
[[7 0]
 [0 7]]
[[7 0]
 [0 7]]
[[7 0]
 [0 7]]
[[7 0]
 [0 7]]
(144, 3)
[[8 0]
 [0 8]]
[[8 0]
 [0 8]]
[[7 0]
 [1 6]]
[[5 2]
 [0 7]]
[[7 0]
 [0 7]]
[[7 0]
 [0 7]]
[[7 0]
 [0 7]]
[[7 0]
 [0 7]]
[[7 0]
 [0 7]]
[[6 1]
 [0 7]]
(144, 3)
[[8 0]
 [0 8]]
[[8 0]
 [0 8]]
[[7 0]
 [0 7]]
[[6 1]
 [1 6]]
[[6 1]
 [0 7]]
[[7 0]
 [0 7]]
[[7 0]
 [0 7]]
[[7 0]
 [0 7]]
[[7 0]
 [0 7]]
[[7 0]
 [0 7]]
(144, 3)
[[7 1]
 [0 8]]
[[8 0]
 [0 8]]
[[6 1]
 [0 7]]
[[7 0]
 [1 6]]
[[7 0]
 [0 7]]
[[7 0]
 [0 7]]
[[6 1]
 [0 7]]
[[7 0]
 [0 7]]
[[7 0]
 [0 7]]
[[7 0]
 [0 7]]
(144, 3)
[[8 0]
 [1 7]]
[[8 0]
 [0 8]]
[[6 1]
 [0 7]]
[[7 0]
 [0 7]]
[[6 1]
 [0 7]]
[[6 1]
 [0 7]]
[[7 0]
 [0 7]]
[[7 0]
 [0 7]]
[[7 0]
 [0 7]]
[[7 0]
 [0 7]]
(144, 3)
[[7 1]
 [0 8]]
[[7 1]
 [0 8]]
[[7 0]
 [0 7]]
[[7 0]
 [0 7]]
[[7 0]
 [0 7]]
[[7 0]
 [0 7]]
[[7 0]
 [1 6]]
[[6 1]
 [0 7]]
[[7 0]
 [0 7]]
[[7 0]
 [0 7]]
(144, 3)
[[8 0]
 [0 8]]
[[8 0]
 [0 8]]
[[7 0]
 [0 7]]
[[7 0]
 [0 7]]
[[7 0]
 [0 7]]
[[7 0]
 [0 7]]
[[7 0]
 [0 7]]
[[7 0]
 [0 7]]
[[6 1]
 [0 7]]
[[6 1]
 [1 6]]
[0.97946428571428579, 0.97410714285714284, 0.96517857142857155, 0.97946428571428579, 0.97142857142857153, 0.97857142857142843, 0.97232142857142867, 0.97232142857142867, 0.97321428571428581, 0.97857142857142865]

# CV of Gas2[88, 37]
['210766_s_at', '212344_at']
(124, 2)
[[7 0]
 [0 7]]
[[7 0]
 [0 7]]
[[6 0]
 [0 6]]
[[6 0]
 [0 6]]
[[6 0]
 [0 6]]
[[6 0]
 [0 6]]
[[6 0]
 [0 6]]
[[6 0]
 [0 6]]
[[6 0]
 [0 6]]
[[6 0]
 [0 6]]
(124, 2)
[[7 0]
 [0 7]]
[[7 0]
 [0 7]]
[[6 0]
 [0 6]]
[[6 0]
 [0 6]]
[[6 0]
 [0 6]]
[[6 0]
 [0 6]]
[[6 0]
 [0 6]]
[[6 0]
 [0 6]]
[[6 0]
 [0 6]]
[[6 0]
 [0 6]]
(124, 2)
[[7 0]
 [0 7]]
[[7 0]
 [0 7]]
[[6 0]
 [0 6]]
[[6 0]
 [0 6]]
[[6 0]
 [0 6]]
[[6 0]
 [0 6]]
[[6 0]
 [0 6]]
[[6 0]
 [0 6]]
[[6 0]
 [0 6]]
[[6 0]
 [0 6]]
(124, 2)
[[7 0]
 [0 7]]
[[7 0]
 [0 7]]
[[6 0]
 [0 6]]
[[6 0]
 [0 6]]
[[6 0]
 [0 6]]
[[6 0]
 [0 6]]
[[6 0]
 [0 6]]
[[6 0]
 [0 6]]
[[6 0]
 [0 6]]
[[6 0]
 [0 6]]
(124, 2)
[[7 0]
 [0 7]]
[[7 0]
 [0 7]]
[[6 0]
 [0 6]]
[[6 0]
 [0 6]]
[[6 0]
 [0 6]]
[[6 0]
 [0 6]]
[[6 0]
 [0 6]]
[[6 0]
 [0 6]]
[[6 0]
 [0 6]]
[[6 0]
 [0 6]]
(124, 2)
[[7 0]
 [0 7]]
[[7 0]
 [0 7]]
[[6 0]
 [0 6]]
[[6 0]
 [0 6]]
[[6 0]
 [0 6]]
[[6 0]
 [0 6]]
[[6 0]
 [0 6]]
[[6 0]
 [0 6]]
[[6 0]
 [0 6]]
[[6 0]
 [0 6]]
(124, 2)
[[7 0]
 [0 7]]
[[7 0]
 [0 7]]
[[6 0]
 [0 6]]
[[6 0]
 [0 6]]
[[6 0]
 [0 6]]
[[6 0]
 [0 6]]
[[6 0]
 [0 6]]
[[6 0]
 [0 6]]
[[6 0]
 [0 6]]
[[6 0]
 [0 6]]
(124, 2)
[[7 0]
 [0 7]]
[[7 0]
 [0 7]]
[[6 0]
 [0 6]]
[[6 0]
 [0 6]]
[[6 0]
 [0 6]]
[[6 0]
 [0 6]]
[[6 0]
 [0 6]]
[[6 0]
 [0 6]]
[[6 0]
 [0 6]]
[[6 0]
 [0 6]]
(124, 2)
[[7 0]
 [0 7]]
[[7 0]
 [0 7]]
[[6 0]
 [0 6]]
[[6 0]
 [0 6]]
[[6 0]
 [0 6]]
[[6 0]
 [0 6]]
[[6 0]
 [0 6]]
[[6 0]
 [0 6]]
[[6 0]
 [0 6]]
[[6 0]
 [0 6]]
(124, 2)
[[7 0]
 [0 7]]
[[7 0]
 [0 7]]
[[6 0]
 [0 6]]
[[6 0]
 [0 6]]
[[6 0]
 [0 6]]
[[6 0]
 [0 6]]
[[6 0]
 [0 6]]
[[6 0]
 [0 6]]
[[6 0]
 [0 6]]
[[6 0]
 [0 6]]
[1.0, 1.0, 1.0, 1.0, 1.0, 1.0, 1.0, 1.0, 1.0, 1.0]

# CV of T1D[577, 679, 13, 558, 112, 977, 24]
['239474_at', '219870_at', '1566232_at', '226585_at', '215612_at', '244223_at', '215728_s_at']
(101, 7)
[[6 0]
 [1 4]]
[[5 1]
 [0 5]]
[[5 1]
 [0 5]]
[[6 0]
 [0 5]]
[[6 0]
 [0 4]]
[[5 1]
 [1 3]]
[[5 1]
 [0 4]]
[[5 0]
 [2 2]]
[[5 0]
 [0 4]]
[[3 2]
 [0 4]]
(101, 7)
[[5 1]
 [1 4]]
[[6 0]
 [1 4]]
[[4 2]
 [0 5]]
[[6 0]
 [1 4]]
[[6 0]
 [0 4]]
[[6 0]
 [0 4]]
[[6 0]
 [0 4]]
[[5 0]
 [0 4]]
[[5 0]
 [0 4]]
[[4 1]
 [1 3]]
(101, 7)
[[6 0]
 [0 5]]
[[6 0]
 [1 4]]
[[4 2]
 [0 5]]
[[6 0]
 [1 4]]
[[6 0]
 [0 4]]
[[5 1]
 [1 3]]
[[5 1]
 [0 4]]
[[4 1]
 [0 4]]
[[5 0]
 [1 3]]
[[5 0]
 [0 4]]
(101, 7)
[[6 0]
 [0 5]]
[[6 0]
 [0 5]]
[[5 1]
 [0 5]]
[[5 1]
 [0 5]]
[[5 1]
 [0 4]]
[[6 0]
 [0 4]]
[[6 0]
 [1 3]]
[[3 2]
 [0 4]]
[[4 1]
 [2 2]]
[[5 0]
 [2 2]]
(101, 7)
[[6 0]
 [3 2]]
[[6 0]
 [0 5]]
[[5 1]
 [0 5]]
[[6 0]
 [0 5]]
[[4 2]
 [0 4]]
[[5 1]
 [0 4]]
[[4 2]
 [1 3]]
[[4 1]
 [1 3]]
[[5 0]
 [0 4]]
[[5 0]
 [0 4]]
(101, 7)
[[6 0]
 [0 5]]
[[5 1]
 [1 4]]
[[5 1]
 [0 5]]
[[6 0]
 [0 5]]
[[4 2]
 [0 4]]
[[6 0]
 [0 4]]
[[6 0]
 [1 3]]
[[5 0]
 [0 4]]
[[5 0]
 [0 4]]
[[4 1]
 [2 2]]
(101, 7)
[[4 2]
 [0 5]]
[[6 0]
 [0 5]]
[[6 0]
 [0 5]]
[[6 0]
 [0 5]]
[[4 2]
 [2 2]]
[[5 1]
 [1 3]]
[[4 2]
 [0 4]]
[[5 0]
 [0 4]]
[[5 0]
 [1 3]]
