
# CV of SRBCT[2049, 1954, 713, 1707, 1433]
[295985.0, 784224.0, 245330.0, 43733.0, 784257.0]
(83, 5)
[[3 0 0 0]
 [0 1 1 0]
 [0 0 2 0]
 [0 0 0 3]]
[[3 0 0 0]
 [0 1 0 0]
 [0 0 2 0]
 [0 0 0 3]]
[[3 0 0 0]
 [0 1 0 0]
 [0 0 2 0]
 [0 0 0 3]]
[[3 0 0 0]
 [0 1 0 0]
 [0 0 2 0]
 [0 0 1 2]]
[[3 0 0 0]
 [0 1 0 0]
 [0 0 2 0]
 [0 0 0 3]]
[[3 0 0 0]
 [0 1 0 0]
 [0 0 2 0]
 [0 0 0 2]]
[[3 0 0 0]
 [0 1 0 0]
 [0 0 2 0]
 [0 0 0 2]]
[[3 0 0 0]
 [0 1 0 0]
 [0 0 2 0]
 [0 0 0 2]]
[[3 0 0 0]
 [0 1 0 0]
 [0 0 1 0]
 [0 0 0 2]]
[[2 0 0 0]
 [0 1 0 0]
 [0 0 1 0]
 [0 0 0 2]]
(83, 5)
[[3 0 0 0]
 [0 2 0 0]
 [0 0 2 0]
 [0 0 0 3]]
[[3 0 0 0]
 [0 1 0 0]
 [0 0 2 0]
 [0 0 0 3]]
[[3 0 0 0]
 [0 1 0 0]
 [0 0 2 0]
 [0 0 0 3]]
[[3 0 0 0]
 [0 1 0 0]
 [0 0 2 0]
 [0 0 1 2]]
[[3 0 0 0]
 [0 1 0 0]
 [0 0 2 0]
 [0 0 0 3]]
[[3 0 0 0]
 [0 1 0 0]
 [0 0 2 0]
 [0 0 0 2]]
[[3 0 0 0]
 [0 1 0 0]
 [0 0 2 0]
 [0 0 0 2]]
[[3 0 0 0]
 [0 1 0 0]
 [0 0 2 0]
 [0 0 0 2]]
[[3 0 0 0]
 [0 1 0 0]
 [0 0 1 0]
 [0 0 0 2]]
[[2 0 0 0]
 [0 1 0 0]
 [0 0 1 0]
 [0 0 0 2]]
(83, 5)
[[3 0 0 0]
 [0 2 0 0]
 [0 0 2 0]
 [0 0 0 3]]
[[3 0 0 0]
 [0 1 0 0]
 [0 0 2 0]
 [0 0 0 3]]
[[3 0 0 0]
 [0 1 0 0]
 [0 0 2 0]
 [0 0 0 3]]
[[3 0 0 0]
 [0 1 0 0]
 [0 0 2 0]
 [0 0 0 3]]
[[3 0 0 0]
 [0 1 0 0]
 [0 0 2 0]
 [0 0 0 3]]
[[3 0 0 0]
 [0 1 0 0]
 [0 0 2 0]
 [0 0 0 2]]
[[3 0 0 0]
 [0 1 0 0]
 [0 0 2 0]
 [0 0 0 2]]
[[3 0 0 0]
 [0 1 0 0]
 [0 0 2 0]
 [0 0 0 2]]
[[3 0 0 0]
 [0 1 0 0]
 [0 0 1 0]
 [0 0 1 1]]
[[2 0 0 0]
 [0 1 0 0]
 [0 0 1 0]
 [0 0 0 2]]
(83, 5)
[[3 0 0 0]
 [0 2 0 0]
 [0 0 2 0]
 [0 0 0 3]]
[[3 0 0 0]
 [0 1 0 0]
 [0 0 2 0]
 [0 0 0 3]]
[[3 0 0 0]
 [0 1 0 0]
 [0 0 2 0]
 [0 0 0 3]]
[[3 0 0 0]
 [0 1 0 0]
 [0 0 2 0]
 [0 0 1 2]]
[[3 0 0 0]
 [0 1 0 0]
 [0 0 2 0]
 [0 0 0 3]]
[[3 0 0 0]
 [0 1 0 0]
 [0 0 2 0]
 [0 0 0 2]]
[[3 0 0 0]
 [0 1 0 0]
 [0 0 2 0]
 [0 0 0 2]]
[[3 0 0 0]
 [0 1 0 0]
 [0 0 2 0]
 [0 0 0 2]]
[[3 0 0 0]
 [0 1 0 0]
 [0 0 1 0]
 [0 0 0 2]]
[[2 0 0 0]
 [0 1 0 0]
 [0 0 1 0]
 [0 0 0 2]]
(83, 5)
[[3 0 0 0]
 [0 2 0 0]
 [0 0 2 0]
 [0 0 0 3]]
[[3 0 0 0]
 [0 1 0 0]
 [0 0 2 0]
 [0 0 0 3]]
[[3 0 0 0]
 [0 1 0 0]
 [0 0 2 0]
 [0 0 1 2]]
[[3 0 0 0]
 [0 1 0 0]
 [0 0 2 0]
 [0 0 0 3]]
[[3 0 0 0]
 [0 1 0 0]
 [0 0 2 0]
 [0 0 0 3]]
[[3 0 0 0]
 [0 1 0 0]
 [0 0 2 0]
 [0 0 0 2]]
[[3 0 0 0]
 [0 1 0 0]
 [0 0 2 0]
 [0 0 0 2]]
[[3 0 0 0]
 [0 1 0 0]
 [0 0 2 0]
 [0 0 0 2]]
[[3 0 0 0]
 [0 1 0 0]
 [0 0 1 0]
 [0 0 0 2]]
[[2 0 0 0]
 [0 1 0 0]
 [0 0 1 0]
 [0 0 0 2]]
(83, 5)
[[3 0 0 0]
 [0 2 0 0]
 [0 0 2 0]
 [0 0 0 3]]
[[3 0 0 0]
 [0 1 0 0]
 [0 0 2 0]
 [0 0 0 3]]
[[3 0 0 0]
 [0 1 0 0]
 [0 0 2 0]
 [0 0 0 3]]
[[3 0 0 0]
 [0 1 0 0]
 [0 0 2 0]
 [0 0 0 3]]
[[3 0 0 0]
 [0 1 0 0]
 [0 0 2 0]
 [0 0 0 3]]
[[3 0 0 0]
 [0 1 0 0]
 [0 0 2 0]
 [0 0 1 1]]
[[3 0 0 0]
 [0 1 0 0]
 [0 0 2 0]
 [0 0 0 2]]
[[3 0 0 0]
 [0 1 0 0]
 [0 0 2 0]
 [0 0 0 2]]
[[3 0 0 0]
 [0 1 0 0]
 [0 0 1 0]
 [0 0 0 2]]
[[2 0 0 0]
 [0 1 0 0]
 [0 0 1 0]
 [0 0 0 2]]
(83, 5)
[[3 0 0 0]
 [0 2 0 0]
 [0 0 2 0]
 [0 0 0 3]]
[[3 0 0 0]
 [0 1 0 0]
 [0 0 2 0]
 [0 0 0 3]]
[[3 0 0 0]
 [0 1 0 0]
 [0 0 2 0]
 [0 0 0 3]]
[[3 0 0 0]
 [0 1 0 0]
 [0 0 2 0]
 [0 0 0 3]]
[[3 0 0 0]
 [0 1 0 0]
 [0 0 2 0]
 [0 0 1 2]]
[[3 0 0 0]
 [0 1 0 0]
 [0 0 2 0]
 [0 0 0 2]]
[[3 0 0 0]
 [0 1 0 0]
 [0 0 2 0]
 [0 0 0 2]]
[[3 0 0 0]
 [0 1 0 0]
 [0 0 2 0]
 [0 0 0 2]]
[[3 0 0 0]
 [0 1 0 0]
 [0 0 1 0]
 [0 0 0 2]]
[[2 0 0 0]
 [0 1 0 0]
 [0 0 1 0]
 [0 0 0 2]]
(83, 5)
[[3 0 0 0]
 [0 2 0 0]
 [0 0 2 0]
 [0 0 0 3]]
[[3 0 0 0]
 [0 1 0 0]
 [0 0 2 0]
 [0 0 0 3]]
[[3 0 0 0]
 [0 1 0 0]
 [0 0 2 0]
 [0 0 0 3]]
[[3 0 0 0]
 [0 1 0 0]
 [0 0 2 0]
 [0 0 0 3]]
[[3 0 0 0]
 [0 1 0 0]
 [0 0 2 0]
 [0 0 0 3]]
[[3 0 0 0]
 [0 1 0 0]
 [0 0 2 0]
 [0 0 0 2]]
[[3 0 0 0]
 [0 1 0 0]
 [0 0 2 0]
 [0 0 0 2]]
[[3 0 0 0]
 [0 1 0 0]
 [0 0 2 0]
 [0 0 0 2]]
[[3 0 0 0]
 [0 1 0 0]
 [0 0 1 0]
 [0 0 1 1]]
[[2 0 0 0]
 [0 1 0 0]
 [0 0 1 0]
 [0 0 0 2]]
(83, 5)
[[3 0 0 0]
 [0 2 0 0]
 [0 0 2 0]
 [0 0 0 3]]
[[3 0 0 0]
 [0 1 0 0]
 [0 0 2 0]
 [0 0 0 3]]
[[3 0 0 0]
 [0 1 0 0]
 [0 0 2 0]
 [0 0 0 3]]
[[3 0 0 0]
 [0 1 0 0]
 [0 0 2 0]
 [0 0 0 3]]
[[3 0 0 0]
 [0 1 0 0]
 [0 0 2 0]
 [0 0 0 3]]
[[3 0 0 0]
 [0 1 0 0]
 [0 0 2 0]
 [0 0 1 1]]
[[3 0 0 0]
 [0 1 0 0]
 [0 0 2 0]
 [0 0 0 2]]
[[3 0 0 0]
 [0 1 0 0]
 [0 0 2 0]
 [0 0 0 2]]
[[3 0 0 0]
 [0 1 0 0]
 [0 0 1 0]
 [0 0 0 2]]
[[2 0 0 0]
 [0 1 0 0]
 [0 0 1 0]
 [0 0 0 2]]
(83, 5)
[[3 0 0 0]
 [0 2 0 0]
 [0 0 2 0]
 [0 0 0 3]]
[[3 0 0 0]
 [0 1 0 0]
 [0 0 2 0]
 [0 0 0 3]]
[[3 0 0 0]
 [0 1 0 0]
 [0 0 2 0]
 [0 0 0 3]]
[[3 0 0 0]
 [0 1 0 0]
 [0 0 2 0]
 [0 0 0 3]]
[[3 0 0 0]
 [0 1 0 0]
 [0 0 2 0]
 [0 0 0 3]]
[[3 0 0 0]
 [0 1 0 0]
 [0 0 2 0]
 [0 0 0 2]]
[[3 0 0 0]
 [0 1 0 0]
 [0 0 2 0]
 [0 0 0 2]]
[[3 0 0 0]
 [0 1 0 0]
 [0 0 2 0]
 [0 0 0 2]]
[[3 0 0 0]
 [0 1 0 0]
 [0 0 1 0]
 [0 0 0 2]]
[[2 0 0 0]
 [0 1 0 0]
 [0 0 1 0]
 [0 0 0 2]]
[0.97888888888888881, 0.98888888888888893, 0.98571428571428577, 0.98888888888888893, 0.98888888888888893, 0.98750000000000004, 0.98888888888888893, 0.98571428571428577, 0.98750000000000004, 1.0]

# CV of ALL_AML[3, 6]
['M23197_at', 'M31523_at']
(72, 2)
[[5 0]
 [0 3]]
[[4 1]
 [0 3]]
[[5 0]
 [0 3]]
[[5 0]
 [0 3]]
[[5 0]
 [0 3]]
[[5 0]
 [0 2]]
[[5 0]
 [0 2]]
[[4 0]
 [0 2]]
[[4 0]
 [0 2]]
[[4 0]
 [0 2]]
(72, 2)
[[5 0]
 [0 3]]
[[5 0]
 [0 3]]
[[5 0]
 [0 3]]
[[5 0]
 [0 3]]
[[5 0]
 [0 3]]
[[4 1]
 [0 2]]
[[5 0]
 [0 2]]
[[4 0]
 [0 2]]
[[4 0]
 [0 2]]
[[4 0]
 [0 2]]
(72, 2)
[[5 0]
 [0 3]]
[[5 0]
 [0 3]]
[[5 0]
 [0 3]]
[[5 0]
 [0 3]]
[[5 0]
 [0 3]]
[[5 0]
 [0 2]]
[[5 0]
 [0 2]]
[[3 1]
 [0 2]]
[[4 0]
 [0 2]]
[[4 0]
 [0 2]]
(72, 2)
[[5 0]
 [0 3]]
[[5 0]
 [0 3]]
[[5 0]
 [0 3]]
[[5 0]
 [0 3]]
[[5 0]
 [0 3]]
[[5 0]
 [0 2]]
[[5 0]
 [0 2]]
[[4 0]
 [0 2]]
[[4 0]
 [0 2]]
[[4 0]
 [0 2]]
(72, 2)
[[5 0]
 [0 3]]
[[5 0]
 [0 3]]
[[5 0]
 [0 3]]
[[5 0]
 [0 3]]
[[5 0]
 [1 2]]
[[4 1]
 [0 2]]
[[5 0]
 [0 2]]
[[4 0]
 [0 2]]
[[4 0]
 [0 2]]
[[4 0]
 [0 2]]
(72, 2)
[[5 0]
 [0 3]]
[[5 0]
 [0 3]]
[[5 0]
 [0 3]]
[[4 1]
 [0 3]]
[[5 0]
 [0 3]]
[[5 0]
 [0 2]]
[[5 0]
 [0 2]]
[[4 0]
 [0 2]]
[[4 0]
 [0 2]]
[[4 0]
 [0 2]]
(72, 2)
[[5 0]
 [0 3]]
[[5 0]
 [0 3]]
[[5 0]
 [0 3]]
[[5 0]
 [0 3]]
[[5 0]
 [0 3]]
[[4 1]
 [0 2]]
[[5 0]
 [0 2]]
[[4 0]
 [0 2]]
[[4 0]
 [0 2]]
[[4 0]
 [0 2]]
(72, 2)
[[5 0]
 [0 3]]
[[5 0]
 [0 3]]
[[5 0]
 [0 3]]
[[5 0]
 [0 3]]
[[4 1]
 [0 3]]
[[5 0]
 [0 2]]
[[5 0]
 [0 2]]
[[4 0]
 [0 2]]
[[4 0]
 [1 1]]
[[4 0]
 [0 2]]
(72, 2)
[[5 0]
 [0 3]]
[[5 0]
 [0 3]]
[[4 1]
 [0 3]]
[[5 0]
 [0 3]]
[[5 0]
 [1 2]]
[[5 0]
 [0 2]]
[[5 0]
 [0 2]]
[[4 0]
 [0 2]]
[[4 0]
 [0 2]]
[[4 0]
 [0 2]]
(72, 2)
[[5 0]
 [0 3]]
[[4 1]
 [0 3]]
[[5 0]
 [0 3]]
[[5 0]
 [1 2]]
[[5 0]
 [0 3]]
[[5 0]
 [0 2]]
[[5 0]
 [0 2]]
[[4 0]
 [0 2]]
[[4 0]
 [0 2]]
[[4 0]
 [0 2]]
[0.98750000000000004, 0.98571428571428577, 0.98333333333333317, 1.0, 0.97321428571428581, 0.98750000000000004, 0.98571428571428577, 0.97083333333333344, 0.97499999999999998, 0.97499999999999998]

# CV of MLL[8936, 11296, 3276]
['37710_at', '1389_at', '38242_at']
(72, 3)
[[3 0 0]
 [0 3 0]
 [0 0 2]]
[[3 0 0]
 [0 3 0]
 [0 0 2]]
[[3 0 0]
 [0 3 0]
 [0 0 2]]
[[3 0 0]
 [0 3 0]
 [0 0 2]]
[[2 0 0]
 [0 3 0]
 [0 0 2]]
[[2 0 0]
 [0 3 0]
 [0 0 2]]
[[2 0 0]
 [0 3 0]
 [0 0 2]]
[[2 0 0]
 [0 3 0]
 [0 0 2]]
[[2 0 0]
 [0 2 0]
 [0 0 2]]
[[2 0 0]
 [0 2 0]
 [0 0 2]]
(72, 3)
[[3 0 0]
 [0 3 0]
 [0 0 2]]
[[3 0 0]
 [0 3 0]
 [0 0 2]]
[[3 0 0]
 [0 3 0]
 [0 0 2]]
[[3 0 0]
 [0 3 0]
 [0 0 2]]
[[2 0 0]
 [0 3 0]
 [0 0 2]]
[[2 0 0]
 [0 3 0]
 [0 0 2]]
[[2 0 0]
 [0 3 0]
 [0 0 2]]
[[2 0 0]
 [0 3 0]
 [0 0 2]]
[[2 0 0]
 [0 2 0]
 [0 0 2]]
[[2 0 0]
 [0 2 0]
 [0 0 2]]
(72, 3)
[[3 0 0]
 [0 3 0]
 [0 0 2]]
[[3 0 0]
 [0 3 0]
 [0 0 2]]
[[3 0 0]
 [0 3 0]
 [0 0 2]]
[[3 0 0]
 [0 3 0]
 [0 0 2]]
[[2 0 0]
 [0 3 0]
 [0 0 2]]
[[2 0 0]
 [0 3 0]
 [0 0 2]]
[[2 0 0]
 [0 3 0]
 [0 0 2]]
[[2 0 0]
 [0 3 0]
 [0 0 2]]
[[2 0 0]
 [0 2 0]
 [0 0 2]]
[[2 0 0]
 [0 2 0]
 [0 0 2]]
(72, 3)
[[3 0 0]
 [0 3 0]
 [0 0 2]]
[[3 0 0]
 [0 3 0]
 [0 0 2]]
[[3 0 0]
 [0 3 0]
 [0 0 2]]
[[3 0 0]
 [0 3 0]
 [0 0 2]]
[[2 0 0]
 [0 3 0]
 [0 0 2]]
[[2 0 0]
 [0 3 0]
 [0 0 2]]
[[2 0 0]
 [0 3 0]
 [0 0 2]]
[[2 0 0]
 [0 3 0]
 [0 0 2]]
[[2 0 0]
 [0 2 0]
 [0 0 2]]
[[2 0 0]
 [0 2 0]
 [0 0 2]]
(72, 3)
[[3 0 0]
 [0 3 0]
 [0 0 2]]
[[3 0 0]
 [0 3 0]
 [0 0 2]]
[[3 0 0]
 [0 3 0]
 [0 0 2]]
[[3 0 0]
 [0 3 0]
 [0 0 2]]
[[2 0 0]
 [0 3 0]
 [0 0 2]]
[[2 0 0]
 [0 3 0]
 [0 0 2]]
[[2 0 0]
 [0 3 0]
 [0 0 2]]
[[2 0 0]
 [0 3 0]
 [0 0 2]]
[[2 0 0]
 [0 2 0]
 [0 0 2]]
[[2 0 0]
 [0 2 0]
 [0 0 2]]
(72, 3)
[[3 0 0]
 [0 3 0]
 [0 0 2]]
[[3 0 0]
 [0 3 0]
 [0 0 2]]
[[3 0 0]
 [0 3 0]
 [0 0 2]]
[[3 0 0]
 [0 3 0]
 [0 0 2]]
[[2 0 0]
 [0 3 0]
 [0 0 2]]
[[2 0 0]
 [0 3 0]
 [0 0 2]]
[[2 0 0]
 [0 3 0]
 [0 0 2]]
[[2 0 0]
 [0 3 0]
 [0 0 2]]
[[2 0 0]
 [0 2 0]
 [0 0 2]]
[[2 0 0]
 [0 2 0]
 [0 0 2]]
(72, 3)
[[3 0 0]
 [0 3 0]
 [0 0 2]]
[[3 0 0]
 [0 3 0]
 [0 0 2]]
[[3 0 0]
 [0 3 0]
 [0 0 2]]
[[3 0 0]
 [0 3 0]
 [0 0 2]]
[[2 0 0]
 [0 3 0]
 [0 0 2]]
[[2 0 0]
 [0 3 0]
 [0 0 2]]
[[2 0 0]
 [0 3 0]
 [0 0 2]]
[[2 0 0]
 [0 3 0]
 [0 0 2]]
[[2 0 0]
 [0 2 0]
 [0 0 2]]
[[2 0 0]
 [0 2 0]
 [0 0 2]]
(72, 3)
[[3 0 0]
 [0 3 0]
 [0 0 2]]
[[3 0 0]
 [0 3 0]
 [0 0 2]]
[[3 0 0]
 [0 3 0]
 [0 0 2]]
[[3 0 0]
 [0 3 0]
 [0 0 2]]
[[2 0 0]
 [0 3 0]
 [0 0 2]]
[[2 0 0]
 [0 3 0]
 [0 0 2]]
[[2 0 0]
 [0 3 0]
 [0 0 2]]
[[2 0 0]
 [0 3 0]
 [0 0 2]]
[[2 0 0]
 [0 2 0]
 [0 0 2]]
[[2 0 0]
 [0 2 0]
 [0 0 2]]
(72, 3)
[[3 0 0]
 [0 3 0]
 [0 0 2]]
[[3 0 0]
 [0 3 0]
 [0 0 2]]
[[3 0 0]
 [0 3 0]
 [0 0 2]]
[[3 0 0]
 [0 3 0]
 [0 0 2]]
[[2 0 0]
 [0 3 0]
 [0 0 2]]
[[2 0 0]
 [0 3 0]
 [0 0 2]]
[[2 0 0]
 [0 3 0]
 [0 0 2]]
[[2 0 0]
 [0 3 0]
 [0 0 2]]
[[2 0 0]
 [0 1 1]
 [0 0 2]]
[[2 0 0]
 [0 2 0]
 [0 0 2]]
(72, 3)
[[3 0 0]
 [0 3 0]
 [0 0 2]]
[[3 0 0]
 [0 2 1]
 [0 0 2]]
[[3 0 0]
 [0 3 0]
 [0 0 2]]
[[3 0 0]
 [0 3 0]
 [0 0 2]]
[[2 0 0]
 [0 3 0]
 [0 0 2]]
[[2 0 0]
 [0 3 0]
 [0 0 2]]
[[2 0 0]
 [0 3 0]
 [0 0 2]]
[[2 0 0]
 [0 3 0]
 [0 0 2]]
[[2 0 0]
 [0 2 0]
 [0 0 2]]
[[2 0 0]
 [0 2 0]
 [0 0 2]]
[1.0, 1.0, 1.0, 1.0, 1.0, 1.0, 1.0, 1.0, 0.98333333333333339, 0.98750000000000004]

# Mean acc of all datasets:[0.98808730158730163, 0.98238095238095224, 0.99708333333333354]