
# CV of DLBCL[12, 53, 38]
['X69433_at', 'M15205_at', 'Z84497_s_at']
(77, 3)
(77, 3)
(77, 3)
(77, 3)
(77, 3)
(77, 3)
(77, 3)
(77, 3)
(77, 3)
(77, 3)
[0.98750000000000004, 0.98750000000000004, 0.98750000000000004, 0.98750000000000004, 0.97083333333333344, 0.98750000000000004, 0.98750000000000004, 0.98750000000000004, 1.0, 0.98750000000000004]

# CV of Pros[73, 0, 693, 14]
['1909_at', '37639_at', '37537_at', '38634_at']
(102, 4)
(102, 4)
(102, 4)
(102, 4)
(102, 4)
(102, 4)
(102, 4)
(102, 4)
(102, 4)
(102, 4)
[0.98000000000000009, 0.97181818181818191, 0.98000000000000009, 0.98000000000000009, 0.98000000000000009, 0.98090909090909084, 0.98000000000000009, 0.98090909090909084, 0.98000000000000009, 0.98090909090909084]

# CV of Colon[224, 494, 14, 239, 175, 57]
['Hsa.442', 'Hsa.5756', 'Hsa.36952', 'Hsa.5226', 'Hsa.94', 'Hsa.36696']
(62, 6)
(62, 6)
(62, 6)
(62, 6)
(62, 6)
(62, 6)
(62, 6)
(62, 6)
(62, 6)
(62, 6)
[0.95238095238095233, 0.96666666666666656, 0.96904761904761894, 0.98333333333333339, 0.96904761904761894, 0.98333333333333339, 0.98333333333333339, 0.98571428571428577, 0.96666666666666656, 0.95238095238095233]

# CV of Leuk[3, 6]
['M23197_at', 'M31523_at']
(72, 2)
(72, 2)
(72, 2)
(72, 2)
(72, 2)
(72, 2)
(72, 2)
(72, 2)
(72, 2)
(72, 2)
[0.98750000000000004, 1.0, 0.98333333333333339, 1.0, 0.98571428571428577, 1.0, 1.0, 0.98750000000000004, 0.98571428571428577, 1.0]

# CV of Mye[403, 142, 14, 2, 377, 568, 82]
['1368_at', '34571_at', '33130_at', '35977_at', '38013_at', '41150_r_at', '31366_at']
(173, 7)
(173, 7)
(173, 7)
(173, 7)
(173, 7)
(173, 7)
(173, 7)
(173, 7)
(173, 7)
(173, 7)
[0.91360294117647067, 0.94379084967320259, 0.91915849673202599, 0.92569444444444426, 0.93615196078431373, 0.93615196078431373, 0.93125000000000002, 0.94374999999999998, 0.94861111111111107, 0.92990196078431375]

# CV of ALL1[0]
['38319_at']
(128, 1)
(128, 1)
(128, 1)
(128, 1)
(128, 1)
(128, 1)
(128, 1)
(128, 1)
(128, 1)
(128, 1)
[0.99166666666666659, 1.0, 1.0, 0.99285714285714288, 1.0, 0.99166666666666681, 1.0, 1.0, 1.0, 1.0]

# CV of ALL2[0, 736, 521, 77, 686, 79, 51, 759]
['37502_at', '31331_at', '1838_g_at', '1291_s_at', '819_at', '39408_at', '39885_at', '39336_at']
(100, 8)
(100, 8)
(100, 8)
(100, 8)
(100, 8)
(100, 8)
(100, 8)
(100, 8)
(100, 8)
(100, 8)
[0.88787878787878793, 0.90101010101010126, 0.87373737373737392, 0.88383838383838387, 0.88282828282828285, 0.86565656565656557, 0.90303030303030307, 0.8606060606060606, 0.87474747474747472, 0.86969696969696975]

# CV of ALL3[769, 3, 487, 74, 714, 141, 51, 509]
['41259_at', '38907_at', '201_s_at', '34284_at', '37809_at', '37693_at', '38478_at', '34497_at']
(125, 8)
(125, 8)
(125, 8)
(125, 8)
(125, 8)
(125, 8)
(125, 8)
(125, 8)
(125, 8)
(125, 8)
[0.9275641025641026, 0.92042124542124548, 0.90503663003663015, 0.91272893772893782, 0.91978021978021973, 0.92097069597069581, 0.92866300366300369, 0.92884615384615388, 0.91199633699633686, 0.91987179487179471]

# CV of ALL4[0, 5, 38, 753, 534, 281]
['39631_at', '38119_at', '36795_at', '1265_g_at', '39905_i_at', '36873_at']
(93, 6)
(93, 6)
(93, 6)
(93, 6)
(93, 6)
(93, 6)
(93, 6)
(93, 6)
(93, 6)
(93, 6)
[0.94527777777777777, 0.96750000000000003, 0.96750000000000003, 0.94750000000000001, 0.95749999999999991, 0.9588888888888889, 0.96999999999999997, 0.96750000000000003, 0.96999999999999997, 0.98000000000000009]

# CV of CNS[129, 130, 519, 8, 271, 272, 52]
['X64624_s_at', 'X93511_s_at', 'X78565_at', 'S76475_at', 'K01911_at', 'S78693_f_at', 'M96739_at']
(60, 7)
(60, 7)
(60, 7)
(60, 7)
(60, 7)
(60, 7)
(60, 7)
(60, 7)
(60, 7)
(60, 7)
[0.98333333333333339, 0.96666666666666656, 0.98333333333333339, 0.96666666666666679, 0.98333333333333339, 0.98333333333333317, 0.98571428571428577, 0.98333333333333339, 0.98333333333333317, 0.98333333333333317]

# CV of Lym[3, 668, 4]
['GENE3332X', 'GENE1191X', 'GENE3261X']
(45, 3)
(45, 3)
(45, 3)
(45, 3)
(45, 3)
(45, 3)
(45, 3)
(45, 3)
(45, 3)
(45, 3)
[1.0, 1.0, 1.0, 1.0, 1.0, 1.0, 1.0, 1.0, 1.0, 1.0]

# CV of Adeno[467]
['D43636']
(36, 1)
(36, 1)
(36, 1)
(36, 1)
(36, 1)
(36, 1)
(36, 1)
(36, 1)
(36, 1)
(36, 1)
[1.0, 1.0, 1.0, 1.0, 1.0, 1.0, 1.0, 1.0, 1.0, 1.0]

# CV of Gas[305, 76, 21]
['237466_s_at', '236118_at', '225571_at']
(65, 3)
(65, 3)
(65, 3)
(65, 3)
(65, 3)
(65, 3)
(65, 3)
(65, 3)
(65, 3)
(65, 3)
[1.0, 1.0, 1.0, 1.0, 1.0, 1.0, 1.0, 1.0, 1.0, 1.0]

# CV of Gas1[131, 716, 247]
['213125_at', '208897_s_at', '41037_at']
(144, 3)
(144, 3)
(144, 3)
(144, 3)
(144, 3)
(144, 3)
(144, 3)
(144, 3)
(144, 3)
(144, 3)
[0.97946428571428579, 0.97410714285714284, 0.96517857142857155, 0.97946428571428579, 0.97142857142857153, 0.97857142857142843, 0.97232142857142867, 0.97232142857142867, 0.97321428571428581, 0.97857142857142865]

# CV of Gas2[88, 37]
['210766_s_at', '212344_at']
(124, 2)
(124, 2)
(124, 2)
(124, 2)
(124, 2)
(124, 2)
(124, 2)
(124, 2)
(124, 2)
(124, 2)
[1.0, 1.0, 1.0, 1.0, 1.0, 1.0, 1.0, 1.0, 1.0, 1.0]

# CV of T1D[577, 679, 13, 558, 112, 977, 24]
['239474_at', '219870_at', '1566232_at', '226585_at', '215612_at', '244223_at', '215728_s_at']
(101, 7)
(101, 7)
(101, 7)
(101, 7)
(101, 7)
(101, 7)
(101, 7)
(101, 7)
(101, 7)
(101, 7)
[0.89828282828282835, 0.9232323232323234, 0.91141414141414145, 0.88404040404040418, 0.88141414141414143, 0.90939393939393942, 0.8795959595959596, 0.90545454545454551, 0.88212121212121219, 0.89939393939393963]

# CV of Stroke[0, 128, 275, 22]
['1567009_at', '239389_at', '233835_at', '240084_at']
(40, 4)
(40, 4)
(40, 4)
(40, 4)
(40, 4)
(40, 4)
(40, 4)
(40, 4)
(40, 4)
(40, 4)
[1.0, 1.0, 1.0, 1.0, 1.0, 1.0, 1.0, 1.0, 1.0, 1.0]

# Mean acc of all datasets:[0.98708333333333331, 0.97945454545454547, 0.97119047619047616, 0.99297619047619035, 0.93280637254901966, 0.99761904761904763, 0.88030303030303025, 0.91958791208791202, 0.96316666666666662, 0.98023809523809524, 1.0, 1.0, 1.0, 0.97446428571428567, 1.0, 0.89743434343434347, 1.0]