/***Generated from ALL2_v2.0***/

# RFE-2
# layer:0
# GaussianNB() 
# Shuffle processed in 5-Fold 


------------ Overall statistics -------------

gene_len		mean_fit		best_fit
1		0.659		0.707
2		0.723		0.766
3		0.729		0.797
4		0.766		0.813
5		0.794		0.852
6		0.823		0.873
7		0.828		0.882
8		0.844		0.908
9		0.852		0.908
10		0.854		0.919
11		0.863		0.931
12		0.877		0.931
13		0.882		0.931
14		0.889		0.931
15		0.899		0.934
16		0.897		0.934
17		0.894		0.934
18		0.898		0.943
19		0.899		0.94
20		0.9		0.94
21		0.904		0.949
22		0.9		0.952
23		0.904		0.952
24		0.902		0.949
25		0.907		0.949
26		0.906		0.961
27		0.911		0.949
28		0.909		0.949
29		0.911		0.949
30		0.911		0.949
31		0.913		0.949
32		0.917		0.949
33		0.916		0.949
34		0.915		0.949
35		0.915		0.949
36		0.916		0.949
37		0.913		0.94
38		0.911		0.94
39		0.905		0.949
40		0.901		0.94
42		0.897		0.94
44		0.895		0.94
46		0.889		0.94
48		0.887		0.931
50		0.882		0.929
52		0.879		0.931
54		0.878		0.931
56		0.877		0.922
58		0.868		0.913
60		0.856		0.913
62		0.848		0.904
64		0.838		0.892
66		0.83		0.887
68		0.814		0.881
70		0.805		0.869
72		0.791		0.854
74		0.773		0.834
76		0.757		0.825
78		0.747		0.809
80		0.727		0.779


----------- Overall best individuals -----------

[acc : 0.96
index : 0.961
gene_len : 26
ft_rg : [7, 521, 138, 397, 269, 17, 275, 166, 432, 52, 53, 318, 715, 79, 986, 609, 738, 612, 743, 106, 110, 238, 116, 629, 127, 255]
clf : GaussianNB(priors=None)
metrics : [0.97099999999999997, 0.95399999999999996, 0.95999999999999996, 0.96299999999999997, 0.91600000000000004]]
[acc : 0.94
index : 0.943
gene_len : 18
ft_rg : [356, 68, 166, 743, 7, 521, 106, 715, 79, 432, 17, 53, 759, 986, 127, 221, 318, 255]
clf : GaussianNB(priors=None)
metrics : [0.97099999999999997, 0.92300000000000004, 0.93999999999999995, 0.94699999999999995, 0.88300000000000001]]
[acc : 0.94
index : 0.943
gene_len : 18
ft_rg : [759, 318, 221, 356, 79, 68, 432, 166, 106, 715, 53, 127, 17, 521, 743, 110, 255, 7]
clf : GaussianNB(priors=None)
metrics : [0.97099999999999997, 0.92300000000000004, 0.93999999999999995, 0.94699999999999995, 0.876]]
[acc : 0.95
index : 0.949
gene_len : 21
ft_rg : [7, 521, 269, 17, 275, 166, 432, 52, 318, 715, 79, 477, 609, 738, 356, 106, 238, 116, 629, 759, 127]
clf : GaussianNB(priors=None)
metrics : [0.94299999999999995, 0.95399999999999996, 0.94999999999999996, 0.94799999999999995, 0.89600000000000002]]
[acc : 0.95
index : 0.949
gene_len : 21
ft_rg : [7, 743, 138, 269, 17, 275, 432, 52, 318, 715, 79, 221, 477, 609, 738, 356, 106, 238, 629, 127, 255]
clf : GaussianNB(priors=None)
metrics : [0.94299999999999995, 0.95399999999999996, 0.94999999999999996, 0.94799999999999995, 0.89200000000000002]]
[acc : 0.95
index : 0.952
gene_len : 22
ft_rg : [7, 521, 138, 17, 275, 432, 52, 318, 590, 79, 221, 477, 738, 612, 356, 743, 106, 238, 110, 116, 629, 127]
clf : GaussianNB(priors=None)
metrics : [0.97099999999999997, 0.93799999999999994, 0.94999999999999996, 0.95499999999999996, 0.89500000000000002]]
[acc : 0.95
index : 0.952
gene_len : 23
ft_rg : [255, 7, 521, 138, 271, 17, 275, 432, 52, 53, 318, 68, 715, 79, 477, 738, 612, 356, 743, 106, 116, 629, 127]
clf : GaussianNB(priors=None)
metrics : [0.97099999999999997, 0.93799999999999994, 0.94999999999999996, 0.95499999999999996, 0.90500000000000003]]
[acc : 0.95
index : 0.949
gene_len : 24
ft_rg : [255, 7, 138, 397, 271, 17, 275, 166, 432, 52, 53, 68, 715, 79, 986, 612, 356, 743, 106, 110, 238, 116, 759, 127]
clf : GaussianNB(priors=None)
metrics : [0.94299999999999995, 0.95399999999999996, 0.94999999999999996, 0.94799999999999995, 0.89200000000000002]]
[acc : 0.95
index : 0.949
gene_len : 25
ft_rg : [7, 521, 138, 269, 17, 275, 166, 432, 51, 52, 53, 318, 703, 68, 715, 79, 221, 738, 356, 106, 110, 238, 759, 127, 255]
clf : GaussianNB(priors=None)
metrics : [0.94299999999999995, 0.95399999999999996, 0.94999999999999996, 0.94799999999999995, 0.89700000000000002]]
[acc : 0.95
index : 0.949
gene_len : 25
ft_rg : [255, 7, 521, 138, 269, 17, 275, 166, 432, 52, 318, 715, 79, 477, 609, 738, 356, 612, 743, 106, 238, 116, 629, 759, 127]
clf : GaussianNB(priors=None)
metrics : [0.94299999999999995, 0.95399999999999996, 0.94999999999999996, 0.94799999999999995, 0.89400000000000002]]
[acc : 0.95
index : 0.949
gene_len : 27
ft_rg : [255, 7, 521, 138, 397, 269, 271, 17, 661, 166, 432, 51, 52, 703, 68, 715, 79, 210, 221, 738, 227, 356, 106, 238, 116, 759, 127]
clf : GaussianNB(priors=None)
metrics : [0.94299999999999995, 0.95399999999999996, 0.94999999999999996, 0.94799999999999995, 0.89200000000000002]]
[acc : 0.95
index : 0.949
gene_len : 27
ft_rg : [7, 521, 138, 269, 17, 275, 166, 432, 52, 53, 318, 715, 79, 986, 477, 609, 738, 612, 356, 743, 106, 238, 116, 629, 759, 127, 255]
clf : GaussianNB(priors=None)
metrics : [0.94299999999999995, 0.95399999999999996, 0.94999999999999996, 0.94799999999999995, 0.89400000000000002]]
[acc : 0.95
index : 0.949
gene_len : 27
ft_rg : [255, 7, 521, 397, 269, 271, 17, 275, 661, 801, 166, 432, 51, 52, 53, 68, 715, 79, 986, 738, 356, 612, 106, 110, 238, 629, 127]
clf : GaussianNB(priors=None)
metrics : [0.94299999999999995, 0.95399999999999996, 0.94999999999999996, 0.94799999999999995, 0.89400000000000002]]
[acc : 0.95
index : 0.949
gene_len : 28
ft_rg : [255, 7, 521, 138, 397, 269, 17, 275, 166, 432, 52, 53, 318, 68, 715, 79, 986, 477, 221, 738, 612, 356, 743, 106, 238, 116, 629, 127]
clf : GaussianNB(priors=None)
metrics : [0.94299999999999995, 0.95399999999999996, 0.94999999999999996, 0.94799999999999995, 0.89400000000000002]]
[acc : 0.95
index : 0.949
gene_len : 29
ft_rg : [7, 138, 397, 269, 783, 271, 17, 275, 166, 432, 52, 53, 318, 68, 715, 79, 986, 477, 865, 738, 612, 356, 743, 106, 238, 116, 629, 127, 255]
clf : GaussianNB(priors=None)
metrics : [0.94299999999999995, 0.95399999999999996, 0.94999999999999996, 0.94799999999999995, 0.89400000000000002]]
[acc : 0.95
index : 0.949
gene_len : 29
ft_rg : [271, 629, 7, 609, 138, 68, 166, 28, 52, 116, 53, 275, 738, 783, 106, 397, 477, 255, 127, 612, 715, 79, 743, 521, 699, 238, 356, 17, 51]
clf : GaussianNB(priors=None)
metrics : [0.94299999999999995, 0.95399999999999996, 0.94999999999999996, 0.94799999999999995, 0.89900000000000002]]
[acc : 0.95
index : 0.949
gene_len : 30
ft_rg : [17, 110, 521, 238, 138, 743, 7, 661, 801, 271, 79, 353, 356, 783, 51, 127, 255, 432, 106, 209, 397, 703, 52, 210, 53, 612, 275, 68, 116, 624]
clf : GaussianNB(priors=None)
metrics : [0.94299999999999995, 0.95399999999999996, 0.94999999999999996, 0.94799999999999995, 0.89400000000000002]]
[acc : 0.95
index : 0.949
gene_len : 31
ft_rg : [7, 521, 138, 395, 269, 397, 783, 17, 661, 801, 166, 432, 51, 52, 53, 703, 68, 221, 609, 353, 738, 356, 865, 612, 743, 106, 110, 238, 624, 127, 255]
clf : GaussianNB(priors=None)
metrics : [0.94299999999999995, 0.95399999999999996, 0.94999999999999996, 0.94799999999999995, 0.89400000000000002]]
[acc : 0.95
index : 0.949
gene_len : 31
ft_rg : [227, 238, 7, 255, 353, 110, 269, 609, 612, 106, 127, 52, 210, 865, 432, 166, 51, 521, 116, 53, 221, 783, 68, 79, 759, 715, 17, 661, 138, 356, 738]
clf : GaussianNB(priors=None)
metrics : [0.94299999999999995, 0.95399999999999996, 0.94999999999999996, 0.94799999999999995, 0.89200000000000002]]
[acc : 0.95
index : 0.949
gene_len : 31
ft_rg : [166, 397, 255, 269, 715, 432, 699, 783, 612, 986, 52, 609, 68, 477, 238, 79, 53, 7, 521, 629, 759, 110, 275, 138, 106, 738, 271, 356, 216, 17, 116]
clf : GaussianNB(priors=None)
metrics : [0.94299999999999995, 0.95399999999999996, 0.94999999999999996, 0.94799999999999995, 0.89200000000000002]]
[acc : 0.95
index : 0.949
gene_len : 32
ft_rg : [521, 801, 677, 356, 52, 612, 68, 53, 397, 353, 318, 432, 79, 238, 110, 17, 783, 7, 210, 271, 127, 661, 138, 51, 743, 255, 116, 275, 624, 209, 106, 703]
clf : GaussianNB(priors=None)
metrics : [0.94299999999999995, 0.95399999999999996, 0.94999999999999996, 0.94799999999999995, 0.89400000000000002]]
[acc : 0.95
index : 0.949
gene_len : 32
ft_rg : [53, 661, 432, 865, 609, 52, 116, 210, 738, 17, 397, 110, 521, 255, 68, 166, 759, 127, 7, 138, 79, 221, 715, 353, 238, 106, 356, 783, 612, 269, 227, 51]
clf : GaussianNB(priors=None)
metrics : [0.94299999999999995, 0.95399999999999996, 0.94999999999999996, 0.94799999999999995, 0.89200000000000002]]
[acc : 0.95
index : 0.949
gene_len : 33
ft_rg : [744, 743, 110, 51, 432, 238, 350, 841, 801, 661, 79, 356, 116, 52, 738, 629, 353, 127, 221, 612, 395, 255, 271, 783, 106, 17, 759, 166, 397, 521, 318, 68, 703]
clf : GaussianNB(priors=None)
metrics : [0.94299999999999995, 0.95399999999999996, 0.94999999999999996, 0.94799999999999995, 0.89400000000000002]]
[acc : 0.95
index : 0.949
gene_len : 34
ft_rg : [255, 7, 521, 783, 271, 17, 275, 661, 166, 432, 51, 52, 53, 60, 318, 68, 715, 590, 79, 477, 350, 349, 865, 738, 612, 356, 743, 106, 238, 498, 116, 629, 759, 127]
clf : GaussianNB(priors=None)
metrics : [0.94299999999999995, 0.95399999999999996, 0.94999999999999996, 0.94799999999999995, 0.89900000000000002]]
[acc : 0.93
index : 0.931
gene_len : 11
ft_rg : [68, 356, 166, 743, 106, 715, 79, 432, 759, 986, 255]
clf : GaussianNB(priors=None)
metrics : [0.94299999999999995, 0.92300000000000004, 0.93000000000000005, 0.93300000000000005, 0.85599999999999998]]


----------- Overall best features -----------

votes		cur_pos		feature_name
25		106		31494_at
24		17		33181_at
24		432		1262_s_at
24		79		39408_at
24		356		38350_f_at
23		255		37397_at
23		7		41222_at
23		127		35572_f_at
22		52		31790_at
21		521		1838_g_at
21		238		33876_at
20		166		1989_at
20		715		37875_at
19		68		31910_at
19		738		34762_at
18		138		36681_at
18		53		34662_at
18		612		33791_at
18		743		32346_at
18		116		35356_at
17		275		37179_at
15		318		40197_at
14		269		38722_at
14		629		34152_at
14		759		39336_at
13		397		33412_at
13		110		34510_at
11		271		1123_at
11		51		39885_at
11		221		39874_at
11		477		32703_at
10		783		35801_at
10		609		36219_at
9		661		34681_at
9		986		34739_at
6		703		38692_at
6		353		38525_at
5		801		32937_at
5		210		459_s_at
5		865		36386_at
3		227		40254_s_at
3		624		35090_g_at
2		395		39223_at
2		699		40640_at
2		590		728_at
2		209		667_at
2		350		32900_at
1		28		32732_at
1		677		41602_at
1		60		36083_at
1		841		36609_at
1		216		39823_at
1		349		1681_at
1		744		1841_s_at
1		498		32001_s_at
['31494_at', '33181_at', '1262_s_at', '39408_at', '38350_f_at', '37397_at', '41222_at', '35572_f_at', '31790_at', '1838_g_at', '33876_at', '1989_at', '37875_at', '31910_at', '34762_at', '36681_at', '34662_at', '33791_at', '32346_at', '35356_at', '37179_at', '40197_at', '38722_at', '34152_at', '39336_at', '33412_at', '34510_at', '1123_at', '39885_at', '39874_at', '32703_at', '35801_at', '36219_at', '34681_at', '34739_at', '38692_at', '38525_at', '32937_at', '459_s_at', '36386_at']


------------- The end---------------
