/***Generated from ALL2_v2.0***/

# RFE-5
# layer:0
# GaussianNB() 
# Shuffle processed in 5-Fold 


------------ Overall statistics -------------

gene_len		mean_fit		best_fit
1		0.702		0.729
2		0.72		0.769
3		0.75		0.809
4		0.78		0.827
5		0.791		0.848
6		0.813		0.869
7		0.818		0.878
8		0.836		0.899
9		0.842		0.917
10		0.861		0.91
11		0.87		0.919
12		0.872		0.922
13		0.881		0.94
14		0.883		0.931
15		0.89		0.952
16		0.894		0.931
17		0.899		0.94
18		0.903		0.947
19		0.9		0.949
20		0.903		0.949
21		0.906		0.949
22		0.909		0.949
23		0.909		0.949
24		0.904		0.949
25		0.906		0.958
26		0.903		0.949
27		0.91		0.958
28		0.91		0.958
29		0.91		0.958
30		0.912		0.97
31		0.911		0.961
32		0.91		0.958
33		0.912		0.958
34		0.91		0.949
35		0.913		0.958
36		0.911		0.958
37		0.903		0.958
38		0.896		0.949
39		0.887		0.949
40		0.881		0.929
42		0.875		0.931
44		0.872		0.929
46		0.87		0.938
48		0.871		0.929
50		0.865		0.919
52		0.856		0.917
54		0.851		0.901
56		0.846		0.901
58		0.84		0.887
60		0.834		0.89
62		0.829		0.89
64		0.824		0.881
66		0.819		0.878
68		0.813		0.866
70		0.807		0.86
72		0.799		0.857
74		0.782		0.836
76		0.766		0.825
78		0.748		0.818
80		0.719		0.779


----------- Overall best individuals -----------

[acc : 0.97
index : 0.97
gene_len : 30
ft_rg : [0, 275, 7, 135, 521, 17, 147, 25, 29, 157, 163, 937, 432, 440, 68, 839, 202, 715, 79, 339, 986, 475, 736, 868, 232, 238, 369, 754, 759, 255]
clf : GaussianNB(priors=None)
metrics : [0.97099999999999997, 0.96899999999999997, 0.96999999999999997, 0.96999999999999997, 0.93600000000000005]]
[acc : 0.96
index : 0.958
gene_len : 27
ft_rg : [640, 7, 521, 17, 18, 275, 25, 29, 157, 159, 45, 432, 191, 68, 839, 715, 79, 339, 986, 475, 736, 613, 232, 238, 754, 759, 894]
clf : GaussianNB(priors=None)
metrics : [0.94299999999999995, 0.96899999999999997, 0.95999999999999996, 0.95599999999999996, 0.91400000000000003]]
[acc : 0.96
index : 0.961
gene_len : 31
ft_rg : [521, 147, 715, 163, 839, 475, 17, 52, 640, 29, 191, 894, 440, 339, 898, 68, 759, 432, 255, 986, 275, 79, 135, 0, 736, 652, 7, 159, 868, 25, 238]
clf : GaussianNB(priors=None)
metrics : [0.97099999999999997, 0.95399999999999996, 0.95999999999999996, 0.96299999999999997, 0.92000000000000004]]
[acc : 0.95
index : 0.952
gene_len : 15
ft_rg : [0, 68, 613, 7, 521, 45, 238, 79, 432, 17, 275, 759, 986, 29, 191]
clf : GaussianNB(priors=None)
metrics : [0.97099999999999997, 0.93799999999999994, 0.94999999999999996, 0.95499999999999996, 0.89500000000000002]]
[acc : 0.96
index : 0.958
gene_len : 25
ft_rg : [7, 135, 521, 395, 17, 275, 25, 157, 29, 159, 45, 432, 191, 68, 839, 715, 79, 339, 986, 475, 613, 232, 238, 759, 894]
clf : GaussianNB(priors=None)
metrics : [0.94299999999999995, 0.96899999999999997, 0.95999999999999996, 0.95599999999999996, 0.91400000000000003]]
[acc : 0.96
index : 0.958
gene_len : 28
ft_rg : [0, 640, 7, 135, 521, 275, 25, 29, 157, 159, 163, 937, 45, 432, 191, 68, 839, 202, 715, 79, 339, 986, 475, 232, 238, 369, 759, 894]
clf : GaussianNB(priors=None)
metrics : [0.94299999999999995, 0.96899999999999997, 0.95999999999999996, 0.95599999999999996, 0.91900000000000004]]
[acc : 0.96
index : 0.958
gene_len : 28
ft_rg : [640, 898, 7, 135, 521, 17, 275, 25, 157, 29, 159, 937, 45, 432, 191, 68, 839, 202, 715, 79, 339, 986, 475, 736, 232, 238, 759, 894]
clf : GaussianNB(priors=None)
metrics : [0.94299999999999995, 0.96899999999999997, 0.95999999999999996, 0.95599999999999996, 0.91700000000000004]]
[acc : 0.96
index : 0.958
gene_len : 28
ft_rg : [191, 45, 275, 12, 868, 232, 440, 521, 475, 613, 754, 432, 839, 68, 238, 759, 339, 17, 135, 7, 937, 29, 79, 369, 147, 25, 736, 715]
clf : GaussianNB(priors=None)
metrics : [0.94299999999999995, 0.96899999999999997, 0.95999999999999996, 0.95599999999999996, 0.91700000000000004]]
[acc : 0.96
index : 0.958
gene_len : 29
ft_rg : [17, 339, 12, 135, 475, 395, 238, 839, 369, 754, 521, 759, 191, 68, 275, 432, 29, 715, 7, 147, 440, 79, 868, 986, 45, 736, 25, 613, 232]
clf : GaussianNB(priors=None)
metrics : [0.94299999999999995, 0.96899999999999997, 0.95999999999999996, 0.95599999999999996, 0.91400000000000003]]
[acc : 0.96
index : 0.958
gene_len : 29
ft_rg : [0, 7, 135, 521, 17, 275, 147, 25, 159, 937, 45, 432, 440, 191, 68, 839, 202, 715, 79, 339, 986, 736, 868, 232, 238, 239, 369, 759, 894]
clf : GaussianNB(priors=None)
metrics : [0.94299999999999995, 0.96899999999999997, 0.95999999999999996, 0.95599999999999996, 0.91400000000000003]]
[acc : 0.96
index : 0.958
gene_len : 30
ft_rg : [640, 0, 898, 7, 135, 521, 17, 275, 157, 159, 937, 432, 52, 440, 191, 68, 839, 202, 715, 79, 339, 986, 475, 736, 232, 238, 754, 759, 894, 255]
clf : GaussianNB(priors=None)
metrics : [0.94299999999999995, 0.96899999999999997, 0.95999999999999996, 0.95599999999999996, 0.91400000000000003]]
[acc : 0.96
index : 0.958
gene_len : 31
ft_rg : [0, 640, 898, 7, 521, 275, 25, 157, 29, 159, 937, 45, 432, 440, 191, 68, 839, 202, 715, 79, 339, 986, 475, 736, 868, 232, 238, 754, 759, 894, 255]
clf : GaussianNB(priors=None)
metrics : [0.94299999999999995, 0.96899999999999997, 0.95999999999999996, 0.95599999999999996, 0.91400000000000003]]
[acc : 0.96
index : 0.958
gene_len : 31
ft_rg : [986, 894, 521, 29, 68, 715, 475, 79, 7, 45, 147, 238, 239, 17, 157, 255, 440, 232, 652, 135, 839, 937, 640, 191, 868, 0, 432, 369, 275, 736, 202]
clf : GaussianNB(priors=None)
metrics : [0.94299999999999995, 0.96899999999999997, 0.95999999999999996, 0.95599999999999996, 0.91400000000000003]]
[acc : 0.96
index : 0.958
gene_len : 32
ft_rg : [0, 898, 135, 7, 521, 395, 652, 275, 147, 25, 29, 159, 937, 432, 52, 440, 191, 68, 839, 202, 715, 79, 339, 986, 475, 736, 232, 238, 754, 759, 894, 255]
clf : GaussianNB(priors=None)
metrics : [0.94299999999999995, 0.96899999999999997, 0.95999999999999996, 0.95599999999999996, 0.91400000000000003]]
[acc : 0.96
index : 0.958
gene_len : 32
ft_rg : [736, 759, 29, 0, 79, 475, 898, 432, 640, 191, 25, 369, 157, 440, 159, 937, 135, 715, 521, 986, 255, 339, 275, 68, 894, 232, 238, 7, 839, 754, 202, 283]
clf : GaussianNB(priors=None)
metrics : [0.94299999999999995, 0.96899999999999997, 0.95999999999999996, 0.95599999999999996, 0.91400000000000003]]
[acc : 0.96
index : 0.958
gene_len : 33
ft_rg : [191, 652, 521, 152, 736, 146, 92, 163, 432, 135, 440, 395, 52, 894, 68, 232, 79, 0, 640, 29, 239, 937, 339, 238, 275, 157, 45, 986, 7, 715, 759, 17, 327]
clf : GaussianNB(priors=None)
metrics : [0.94299999999999995, 0.96899999999999997, 0.95999999999999996, 0.95599999999999996, 0.91400000000000003]]
[acc : 0.96
index : 0.958
gene_len : 35
ft_rg : [640, 0, 898, 7, 135, 521, 395, 652, 17, 275, 147, 25, 283, 157, 29, 937, 432, 52, 440, 191, 68, 715, 79, 339, 84, 986, 736, 868, 232, 238, 369, 754, 759, 894, 255]
clf : GaussianNB(priors=None)
metrics : [0.94299999999999995, 0.96899999999999997, 0.95999999999999996, 0.95599999999999996, 0.91700000000000004]]
[acc : 0.96
index : 0.958
gene_len : 35
ft_rg : [0, 640, 898, 135, 7, 521, 395, 652, 147, 275, 25, 157, 29, 159, 937, 432, 52, 440, 191, 68, 839, 715, 79, 339, 986, 475, 736, 868, 232, 238, 369, 754, 759, 894, 255]
clf : GaussianNB(priors=None)
metrics : [0.94299999999999995, 0.96899999999999997, 0.95999999999999996, 0.95599999999999996, 0.91400000000000003]]
[acc : 0.96
index : 0.958
gene_len : 35
ft_rg : [232, 986, 275, 521, 715, 736, 894, 440, 754, 17, 475, 202, 68, 7, 29, 868, 369, 159, 157, 759, 25, 652, 898, 52, 255, 135, 0, 432, 191, 640, 79, 339, 839, 238, 937]
clf : GaussianNB(priors=None)
metrics : [0.94299999999999995, 0.96899999999999997, 0.95999999999999996, 0.95599999999999996, 0.91900000000000004]]
[acc : 0.96
index : 0.958
gene_len : 35
ft_rg : [147, 652, 255, 839, 283, 157, 232, 754, 29, 159, 191, 339, 17, 369, 25, 894, 898, 238, 736, 7, 68, 275, 640, 715, 986, 432, 937, 868, 440, 52, 135, 79, 0, 395, 521]
clf : GaussianNB(priors=None)
metrics : [0.94299999999999995, 0.96899999999999997, 0.95999999999999996, 0.95599999999999996, 0.91600000000000004]]
[acc : 0.96
index : 0.958
gene_len : 35
ft_rg : [239, 898, 135, 7, 521, 652, 12, 147, 275, 25, 283, 29, 157, 159, 163, 937, 432, 52, 191, 68, 839, 715, 79, 339, 986, 475, 736, 868, 613, 238, 369, 754, 759, 894, 255]
clf : GaussianNB(priors=None)
metrics : [0.94299999999999995, 0.96899999999999997, 0.95999999999999996, 0.95599999999999996, 0.91200000000000003]]
[acc : 0.96
index : 0.958
gene_len : 35
ft_rg : [521, 157, 239, 92, 894, 52, 759, 7, 68, 25, 163, 159, 937, 652, 238, 45, 275, 147, 327, 715, 736, 17, 0, 29, 191, 432, 839, 79, 475, 640, 339, 986, 135, 232, 395]
clf : GaussianNB(priors=None)
metrics : [0.94299999999999995, 0.96899999999999997, 0.95999999999999996, 0.95599999999999996, 0.91600000000000004]]
[acc : 0.96
index : 0.958
gene_len : 36
ft_rg : [0, 640, 7, 521, 395, 652, 17, 146, 147, 275, 152, 25, 283, 157, 29, 159, 937, 45, 432, 52, 440, 191, 68, 327, 839, 715, 79, 339, 986, 92, 736, 232, 238, 239, 759, 894]
clf : GaussianNB(priors=None)
metrics : [0.94299999999999995, 0.96899999999999997, 0.95999999999999996, 0.95599999999999996, 0.91900000000000004]]
[acc : 0.96
index : 0.958
gene_len : 36
ft_rg : [0, 640, 898, 135, 7, 521, 652, 17, 275, 25, 283, 29, 157, 159, 937, 432, 52, 440, 191, 68, 839, 202, 715, 79, 339, 986, 475, 736, 868, 232, 238, 369, 754, 759, 894, 255]
clf : GaussianNB(priors=None)
metrics : [0.94299999999999995, 0.96899999999999997, 0.95999999999999996, 0.95599999999999996, 0.91600000000000004]]
[acc : 0.96
index : 0.958
gene_len : 37
ft_rg : [0, 898, 135, 7, 521, 395, 652, 784, 17, 275, 152, 25, 157, 29, 159, 163, 937, 432, 52, 440, 191, 68, 202, 715, 79, 339, 84, 986, 475, 736, 868, 100, 232, 238, 369, 759, 766]
clf : GaussianNB(priors=None)
metrics : [0.94299999999999995, 0.96899999999999997, 0.95999999999999996, 0.95599999999999996, 0.91400000000000003]]


----------- Overall best features -----------

votes		cur_pos		feature_name
25		7		41222_at
25		521		1838_g_at
25		275		37179_at
25		432		1262_s_at
25		68		31910_at
25		79		39408_at
25		238		33876_at
24		191		35546_at
24		715		37875_at
24		986		34739_at
23		29		36303_f_at
23		339		35494_at
23		759		39336_at
22		736		31331_at
22		232		685_f_at
21		135		38343_at
21		25		32783_at
21		839		34297_at
20		937		37228_at
20		894		39320_at
19		0		37502_at
19		17		33181_at
19		157		39521_at
19		475		40482_s_at
18		159		37203_at
18		440		37747_at
16		640		32799_at
14		868		41472_at
14		369		37990_at
14		754		34328_s_at
13		898		862_at
13		652		32671_at
13		147		33305_at
13		45		41453_at
13		52		31790_at
13		255		37397_at
12		202		40564_at
10		395		39223_at
7		163		36783_f_at
6		283		31404_at
6		613		36279_at
6		239		1415_at
3		12		527_at
3		152		37562_at
3		327		40381_at
3		92		37466_at
2		146		40145_at
2		84		37173_at
1		766		31631_f_at
1		784		1194_g_at
1		18		34341_at
1		100		34975_at
['41222_at', '1838_g_at', '37179_at', '1262_s_at', '31910_at', '39408_at', '33876_at', '35546_at', '37875_at', '34739_at', '36303_f_at', '35494_at', '39336_at', '31331_at', '685_f_at', '38343_at', '32783_at', '34297_at', '37228_at', '39320_at', '37502_at', '33181_at', '39521_at', '40482_s_at', '37203_at', '37747_at', '32799_at', '41472_at', '37990_at', '34328_s_at', '862_at', '32671_at', '33305_at', '41453_at', '31790_at', '37397_at', '40564_at', '39223_at', '36783_f_at', '31404_at', '36279_at', '1415_at']


------------- The end---------------
