/***Generated from ALL2_v2.0***/

# RFE-5
# layer:0
# GaussianNB() 
# Shuffle processed in 5-Fold 


------------ Overall statistics -------------

gene_len		mean_fit		best_fit
1		0.664		0.715
2		0.717		0.754
3		0.75		0.808
4		0.773		0.839
5		0.791		0.849
6		0.821		0.873
7		0.843		0.887
8		0.868		0.917
9		0.875		0.929
10		0.891		0.938
11		0.898		0.949
12		0.899		0.952
13		0.903		0.952
14		0.905		0.949
15		0.903		0.952
16		0.902		0.961
17		0.902		0.961
18		0.9		0.952
19		0.905		0.961
20		0.905		0.961
21		0.913		0.97
22		0.914		0.961
23		0.915		0.97
24		0.919		0.97
25		0.919		0.961
26		0.917		0.97
27		0.917		0.961
28		0.92		0.97
29		0.92		0.97
30		0.919		0.97
31		0.921		0.97
32		0.918		0.97
33		0.916		0.97
34		0.912		0.961
35		0.908		0.961
36		0.904		0.952
37		0.898		0.952
38		0.895		0.943
39		0.892		0.934
40		0.89		0.94
42		0.891		0.934
44		0.885		0.931
46		0.88		0.922
48		0.875		0.919
50		0.871		0.91
52		0.869		0.91
54		0.867		0.91
56		0.862		0.91
58		0.858		0.899
60		0.849		0.899
62		0.847		0.89
64		0.842		0.89
66		0.836		0.878
68		0.828		0.878
70		0.818		0.866
72		0.805		0.857
74		0.793		0.857
76		0.774		0.836
78		0.749		0.818
80		0.714		0.792


----------- Overall best individuals -----------

[acc : 0.97
index : 0.97
gene_len : 21
ft_rg : [641, 130, 7, 8, 521, 137, 141, 157, 432, 52, 68, 79, 736, 227, 106, 238, 244, 116, 759, 122, 255]
clf : GaussianNB(priors=None)
metrics : [0.97099999999999997, 0.96899999999999997, 0.96999999999999997, 0.96999999999999997, 0.93600000000000005]]
[acc : 0.97
index : 0.97
gene_len : 23
ft_rg : [641, 130, 8, 137, 521, 141, 661, 432, 50, 51, 52, 191, 68, 840, 79, 227, 106, 238, 244, 759, 504, 122, 255]
clf : GaussianNB(priors=None)
metrics : [0.97099999999999997, 0.96899999999999997, 0.96999999999999997, 0.96999999999999997, 0.93600000000000005]]
[acc : 0.97
index : 0.97
gene_len : 23
ft_rg : [641, 130, 7, 8, 521, 137, 661, 432, 50, 52, 191, 68, 79, 736, 227, 488, 238, 244, 116, 629, 759, 122, 255]
clf : GaussianNB(priors=None)
metrics : [0.97099999999999997, 0.96899999999999997, 0.96999999999999997, 0.96999999999999997, 0.93799999999999994]]
[acc : 0.97
index : 0.97
gene_len : 23
ft_rg : [641, 7, 8, 137, 521, 141, 661, 157, 432, 50, 51, 52, 191, 68, 79, 227, 238, 244, 629, 759, 504, 122, 255]
clf : GaussianNB(priors=None)
metrics : [0.97099999999999997, 0.96899999999999997, 0.96999999999999997, 0.96999999999999997, 0.93600000000000005]]
[acc : 0.97
index : 0.97
gene_len : 23
ft_rg : [641, 7, 8, 521, 137, 141, 661, 157, 432, 50, 51, 52, 191, 68, 79, 227, 238, 244, 629, 759, 504, 122, 255]
clf : GaussianNB(priors=None)
metrics : [0.97099999999999997, 0.96899999999999997, 0.96999999999999997, 0.96999999999999997, 0.93600000000000005]]
[acc : 0.97
index : 0.97
gene_len : 24
ft_rg : [641, 130, 8, 521, 137, 141, 787, 661, 432, 51, 52, 710, 840, 79, 227, 488, 106, 238, 116, 244, 759, 504, 122, 255]
clf : GaussianNB(priors=None)
metrics : [0.97099999999999997, 0.96899999999999997, 0.96999999999999997, 0.96999999999999997, 0.93600000000000005]]
[acc : 0.97
index : 0.97
gene_len : 24
ft_rg : [227, 641, 759, 157, 51, 504, 130, 521, 653, 106, 141, 191, 629, 840, 661, 137, 244, 68, 255, 52, 432, 238, 79, 8]
clf : GaussianNB(priors=None)
metrics : [0.97099999999999997, 0.96899999999999997, 0.96999999999999997, 0.96999999999999997, 0.94099999999999995]]
[acc : 0.97
index : 0.97
gene_len : 24
ft_rg : [641, 130, 7, 8, 521, 137, 141, 157, 432, 50, 51, 52, 191, 79, 736, 227, 106, 238, 116, 629, 759, 504, 122, 255]
clf : GaussianNB(priors=None)
metrics : [0.97099999999999997, 0.96899999999999997, 0.96999999999999997, 0.96999999999999997, 0.93600000000000005]]
[acc : 0.97
index : 0.97
gene_len : 26
ft_rg : [641, 130, 8, 521, 137, 141, 781, 432, 51, 52, 955, 191, 710, 79, 227, 488, 106, 238, 244, 629, 116, 759, 504, 122, 127, 255]
clf : GaussianNB(priors=None)
metrics : [0.97099999999999997, 0.96899999999999997, 0.96999999999999997, 0.96999999999999997, 0.93600000000000005]]
[acc : 0.97
index : 0.97
gene_len : 26
ft_rg : [641, 130, 8, 521, 137, 653, 661, 157, 432, 50, 51, 52, 191, 68, 710, 840, 79, 227, 106, 238, 244, 629, 116, 759, 122, 255]
clf : GaussianNB(priors=None)
metrics : [0.97099999999999997, 0.96899999999999997, 0.96999999999999997, 0.96999999999999997, 0.93600000000000005]]
[acc : 0.97
index : 0.97
gene_len : 26
ft_rg : [710, 137, 68, 141, 432, 7, 521, 244, 504, 52, 255, 759, 641, 79, 106, 840, 8, 122, 191, 227, 629, 130, 51, 488, 127, 238]
clf : GaussianNB(priors=None)
metrics : [0.97099999999999997, 0.96899999999999997, 0.96999999999999997, 0.96999999999999997, 0.93799999999999994]]
[acc : 0.97
index : 0.97
gene_len : 28
ft_rg : [641, 130, 7, 8, 137, 521, 141, 653, 661, 432, 50, 51, 52, 191, 68, 840, 79, 227, 488, 106, 238, 244, 629, 116, 759, 504, 122, 255]
clf : GaussianNB(priors=None)
metrics : [0.97099999999999997, 0.96899999999999997, 0.96999999999999997, 0.96999999999999997, 0.93600000000000005]]
[acc : 0.97
index : 0.97
gene_len : 28
ft_rg : [130, 8, 79, 506, 51, 255, 238, 629, 50, 122, 736, 7, 141, 661, 787, 163, 137, 227, 504, 68, 955, 28, 641, 432, 759, 521, 577, 781]
clf : GaussianNB(priors=None)
metrics : [0.97099999999999997, 0.96899999999999997, 0.96999999999999997, 0.96999999999999997, 0.93600000000000005]]
[acc : 0.97
index : 0.97
gene_len : 28
ft_rg : [641, 130, 7, 8, 137, 521, 781, 141, 787, 661, 28, 163, 432, 50, 51, 955, 577, 68, 79, 736, 227, 238, 506, 629, 759, 504, 122, 255]
clf : GaussianNB(priors=None)
metrics : [0.97099999999999997, 0.96899999999999997, 0.96999999999999997, 0.96999999999999997, 0.93600000000000005]]
[acc : 0.97
index : 0.97
gene_len : 28
ft_rg : [641, 130, 8, 521, 137, 141, 781, 787, 661, 432, 50, 51, 52, 955, 191, 577, 68, 79, 227, 122, 488, 106, 238, 244, 629, 759, 506, 255]
clf : GaussianNB(priors=None)
metrics : [0.97099999999999997, 0.96899999999999997, 0.96999999999999997, 0.96999999999999997, 0.93600000000000005]]
[acc : 0.97
index : 0.97
gene_len : 29
ft_rg : [641, 130, 7, 8, 137, 521, 781, 141, 661, 163, 432, 50, 51, 52, 955, 191, 68, 79, 736, 353, 488, 238, 506, 244, 629, 759, 504, 122, 255]
clf : GaussianNB(priors=None)
metrics : [0.97099999999999997, 0.96899999999999997, 0.96999999999999997, 0.96999999999999997, 0.93799999999999994]]
[acc : 0.97
index : 0.97
gene_len : 30
ft_rg : [641, 130, 7, 8, 137, 521, 141, 781, 787, 661, 28, 163, 432, 50, 51, 52, 955, 577, 68, 79, 736, 227, 488, 238, 506, 629, 759, 504, 122, 255]
clf : GaussianNB(priors=None)
metrics : [0.97099999999999997, 0.96899999999999997, 0.96999999999999997, 0.96999999999999997, 0.94099999999999995]]
[acc : 0.97
index : 0.97
gene_len : 30
ft_rg : [79, 163, 68, 227, 238, 629, 50, 7, 488, 736, 577, 191, 955, 8, 787, 28, 759, 641, 432, 51, 255, 122, 521, 137, 661, 506, 130, 52, 504, 781]
clf : GaussianNB(priors=None)
metrics : [0.97099999999999997, 0.96899999999999997, 0.96999999999999997, 0.96999999999999997, 0.93600000000000005]]
[acc : 0.97
index : 0.97
gene_len : 31
ft_rg : [641, 130, 8, 521, 137, 141, 653, 787, 432, 50, 51, 7, 955, 191, 577, 68, 840, 79, 736, 227, 488, 106, 238, 244, 629, 116, 759, 504, 122, 127, 255]
clf : GaussianNB(priors=None)
metrics : [0.97099999999999997, 0.96899999999999997, 0.96999999999999997, 0.96999999999999997, 0.93600000000000005]]
[acc : 0.97
index : 0.97
gene_len : 31
ft_rg : [641, 130, 7, 8, 521, 137, 781, 787, 661, 163, 432, 50, 51, 52, 955, 191, 577, 68, 79, 736, 227, 122, 488, 238, 116, 629, 244, 759, 504, 506, 255]
clf : GaussianNB(priors=None)
metrics : [0.97099999999999997, 0.96899999999999997, 0.96999999999999997, 0.96999999999999997, 0.93600000000000005]]
[acc : 0.97
index : 0.97
gene_len : 32
ft_rg : [641, 130, 8, 137, 521, 781, 653, 141, 787, 432, 50, 51, 52, 955, 191, 577, 68, 840, 79, 736, 227, 488, 106, 238, 506, 116, 629, 244, 759, 504, 122, 255]
clf : GaussianNB(priors=None)
metrics : [0.97099999999999997, 0.96899999999999997, 0.96999999999999997, 0.96999999999999997, 0.93600000000000005]]
[acc : 0.97
index : 0.97
gene_len : 32
ft_rg : [641, 130, 7, 8, 137, 521, 781, 141, 787, 661, 163, 432, 50, 51, 52, 955, 191, 577, 68, 79, 736, 227, 488, 238, 506, 116, 629, 244, 759, 504, 122, 255]
clf : GaussianNB(priors=None)
metrics : [0.97099999999999997, 0.96899999999999997, 0.96999999999999997, 0.96999999999999997, 0.93600000000000005]]
[acc : 0.97
index : 0.97
gene_len : 33
ft_rg : [641, 130, 7, 8, 137, 521, 781, 141, 787, 157, 163, 432, 50, 51, 52, 955, 191, 577, 68, 79, 736, 227, 122, 488, 106, 238, 116, 244, 629, 759, 504, 506, 255]
clf : GaussianNB(priors=None)
metrics : [0.97099999999999997, 0.96899999999999997, 0.96999999999999997, 0.96999999999999997, 0.93600000000000005]]
[acc : 0.96
index : 0.961
gene_len : 16
ft_rg : [736, 641, 227, 7, 488, 137, 521, 8, 141, 238, 79, 432, 661, 759, 122, 255]
clf : GaussianNB(priors=None)
metrics : [0.97099999999999997, 0.95399999999999996, 0.95999999999999996, 0.96299999999999997, 0.91600000000000004]]
[acc : 0.95
index : 0.949
gene_len : 11
ft_rg : [736, 7, 8, 137, 141, 238, 79, 432, 51, 759, 255]
clf : GaussianNB(priors=None)
metrics : [0.94299999999999995, 0.95399999999999996, 0.94999999999999996, 0.94799999999999995, 0.89200000000000002]]


----------- Overall best features -----------

votes		cur_pos		feature_name
25		8		273_g_at
25		137		40738_at
25		432		1262_s_at
25		79		39408_at
25		238		33876_at
25		759		39336_at
25		255		37397_at
24		641		36893_at
24		521		1838_g_at
23		227		40254_s_at
23		122		1945_at
22		51		39885_at
21		130		222_at
21		141		41190_at
20		52		31790_at
20		68		31910_at
20		629		34152_at
19		504		36077_at
18		7		41222_at
18		50		31866_at
18		191		35546_at
18		244		560_s_at
17		661		34681_at
15		736		31331_at
15		488		36948_at
13		106		31494_at
12		955		35525_at
12		116		35356_at
11		781		37631_at
11		787		38878_at
10		577		1594_at
10		506		34736_at
8		163		36783_f_at
8		840		32520_at
7		157		39521_at
5		653		38012_at
4		28		32732_at
4		710		38583_at
3		127		35572_f_at
1		353		38525_at
['273_g_at', '40738_at', '1262_s_at', '39408_at', '33876_at', '39336_at', '37397_at', '36893_at', '1838_g_at', '40254_s_at', '1945_at', '39885_at', '222_at', '41190_at', '31790_at', '31910_at', '34152_at', '36077_at', '41222_at', '31866_at', '35546_at', '560_s_at', '34681_at', '31331_at', '36948_at', '31494_at', '35525_at', '35356_at', '37631_at', '38878_at', '1594_at', '34736_at', '36783_f_at', '32520_at', '39521_at', '38012_at']


------------- The end---------------
